,0,1,2,3,4,5,6,7,8,9,10,11,12,13,14,15,16,17,18,19,20,21,22,23,24,25,26,27,28,29,30,31,32,33,34,35,36,37,38,39,40,41,42,43,44,45,46,47,48,49,50,51,52,53,54,55,56,57,58,59,60,61,62,63,64,65,66,67,68,69,70,71,72,73,74,75,76,77,78,79,80,81,82,83,84,85
0,0.0,0.11553605271276321,0.09073431252635591,0.08293960050967855,0.1409374591119598,0.07215002177821916,0.06742606302861408,0.04094682337014071,0.05741479089147089,0.06027931914390113,0.03231902406679447,0.03231902406679447,0.04303886898393392,0.16266976616163076,0.10239338031599643,0.12389432554461645,0.03231902406679447,0.03231902406679447,0.03231902406679447,0.039586558012207056,0.19522322128669986,0.2642214890389402,0.41704462636292733,0.4387003710264948,0.49274594631850505,0.5773514918798135,0.6594474335781247,0.535094320470748,0.16959170041549976,0.189257863528701,0.33835360773769485,0.3433360247139229,0.2514348335605352,0.12895755496725048,0.14318134152741238,0.13301125137934783,0.20160669071028128,0.1281690349106615,0.1630874859107583,0.04075941535653471,0.19103893609066583,0.2008598244553019,0.03231902406679447,0.35140130748234616,0.03231902406679447,0.31268428575413665,0.2248211995173364,0.1059305788200466,0.4123994969542734,0.43098107877243197,0.390588877316175,0.4343286422274564,0.33901327249875,1.2120366012741184,1.2579799568009968,0.5157069536411737,0.6334500752687029,0.5708450105809543,0.48530172187772025,0.4338529020780023,0.44040063272953955,0.4458298828390137,0.4982380478568806,0.41801790188812255,0.5355691563566087,0.620728185889987,0.7106460730090226,1.152896207370381,0.6282680931023412,1.1436555582190722,0.33059214453239766,0.4208371687621987,0.4037885282687773,0.3722739105106586,0.24448464617847326,0.22988952395807152,0.23792936917680174,0.25042881978299797,0.26760518422216073,0.2914137494115444,0.2953797850321442,0.38647537584151226,0.409511016796043,0.4373100480126111,0.4755181561300481,1.2424599990671918
1,0.11553605271276321,0.0,0.09881397854665182,0.09957703238915984,0.10686856670278125,0.12057161436585796,0.10315475871483072,0.07918067557243728,0.12162382607340519,0.12123921557563856,0.14595842711327325,0.14595842711327325,0.11481621197605249,0.15297234184086406,0.09893949242891095,0.10294387389952966,0.14595842711327325,0.14595842711327325,0.14595842711327325,0.1264488385346506,0.17519582252547883,0.2306575484266748,0.3348651954070214,0.3658964399244572,0.43617253388905186,0.5082690383851671,0.5965107874003026,0.48353608955999344,0.15739149798572546,0.1708716373827303,0.28362506698107276,0.2972456498924068,0.20672871194926534,0.1345790086060495,0.14163608536892558,0.13647302064554626,0.17992864275585949,0.13422206628116692,0.1084148057093635,0.1259657003136312,0.16134375166347992,0.1793695391820379,0.14595842711327325,0.3087050421865828,0.14595842711327325,0.27335702984247534,0.12577649384474668,0.04380382187635809,0.3657916228525876,0.37693441626555696,0.28568456350321725,0.3801709858310803,0.2942909908417625,1.1217064695234975,1.166872356322012,0.42529054413543965,0.5569702173941214,0.47967836566062605,0.4252452945310512,0.37385057020895585,0.3798170417591175,0.3862672300597066,0.43979984820618434,0.36527675875006616,0.47956703042927634,0.5644926629050525,0.6539161075905046,1.0659559169996278,0.5699358624350007,1.0444869279015037,0.2895986087523268,0.36242466769318044,0.3576540040460079,0.32807950446622874,0.16193287780855758,0.1386845514120061,0.1421860418664728,0.15129351455873286,0.16619000628950484,0.18832281779755466,0.19348606842376176,0.32858868948616726,0.3503328878797389,0.37693747973710984,0.413916979147461,1.1360952637134374
2,0.09073431252635591,0.09881397854665182,0.0,0.008235232216209736,0.08380059372047965,0.09414056290168564,0.02496712317471906,0.09143468116816002,0.09000883030150764,0.09061049841865883,0.10246898997271683,0.10246898997271683,0.053614604397069915,0.15343449330829764,0.012184252039109769,0.03438192363793803,0.10246898997271683,0.10246898997271683,0.10246898997271683,0.08902275053580201,0.1813297230652887,0.24434389553844205,0.39247939514104146,0.41263673230561465,0.4621874258370509,0.5487858223230471,0.6258042184464464,0.5071116785563089,0.1592150040317222,0.17609622109627043,0.3084235600799326,0.3176752687459218,0.21738507854715444,0.12696893899994022,0.1377399397212266,0.1299690801741253,0.18697939919364986,0.12639238915680887,0.1538338837139749,0.08890763530773135,0.1721863809795645,0.18631589830288955,0.10246898997271683,0.3274632691731214,0.10246898997271683,0.29025249085831967,0.22421438289927137,0.12428414795320515,0.3866937092293213,0.4015957168823941,0.37800967400928426,0.4079278860719598,0.31401543558883993,1.1368292837653524,1.1759599705901638,0.49047258880962946,0.5760256744541502,0.5449058696694877,0.4529956115892495,0.4015174316128482,0.4077857137834974,0.41372653245562874,0.46675241403910783,0.389258452304054,0.505343879638017,0.5904577861651359,0.6801801482649665,1.1179422888051982,0.5969398342172703,1.0945909108035798,0.30741696250080053,0.3946958206052141,0.37829795174815595,0.3476615622229588,0.22831532148213377,0.21729800907699784,0.22627469975373024,0.23946292125619453,0.2570114368257606,0.2812519910942027,0.2903574304323224,0.35511054473503173,0.3775491176317445,0.40479581944962734,0.4424347465601517,1.2198858336038902
3,0.08293960050967855,0.09957703238915984,0.008235232216209736,0.0,0.08755376453875753,0.08901276423941192,0.016731890958509323,0.08569579559329008,0.08383084461637617,0.08463512272733206,0.09423375775650711,0.09423375775650711,0.045379372180860175,0.152888759753512,0.020419484255319507,0.04261715585414777,0.09423375775650711,0.09423375775650711,0.09423375775650711,0.0816625857898258,0.18161704942865586,0.24572506259137078,0.3956980282506035,0.41578264204431237,0.4653311396346049,0.5521594358254165,0.6294419615535798,0.5099765020440665,0.15887126042582397,0.17625126358701132,0.31126796276833574,0.31999835686242,0.22006773739934601,0.1251837691084267,0.13653519302202696,0.12835886798703638,0.18739978753470793,0.1245722576818893,0.15431211819695212,0.08161962122720852,0.17303801330805066,0.1867211493588769,0.09423375775650711,0.32959073777053527,0.09423375775650711,0.2921033785956447,0.2253215616560648,0.12233222883161016,0.38914468273917163,0.40452609955144775,0.3807687316157234,0.4106451015219922,0.3162470521936356,1.1443006245580776,1.1839506671236804,0.494054868372728,0.581767630010111,0.5486096975384971,0.45634821762969274,0.4048177879486458,0.4111287597021613,0.417012260302013,0.470015718454042,0.39209411098066965,0.5084840332652855,0.5936619961608706,0.6834540903740981,1.1224176786666114,0.6002777001030194,1.10038344829672,0.3094044304172508,0.39748088079671395,0.38070962546665116,0.3499126053015626,0.23041268161351242,0.2191959611016151,0.2282274953989686,0.24149289766694107,0.25914212777707957,0.2834880140768659,0.2922092065490912,0.3582236502951074,0.38077109519926144,0.408122639609478,0.4458741783611183,1.223988533978892
4,0.1409374591119598,0.10686856670278125,0.08380059372047965,0.08755376453875753,0.0,0.1285333240394076,0.09690236871736635,0.1294600405804139,0.10592871718898944,0.13001278677423098,0.1571012100401833,0.1571012100401833,0.11680117807829345,0.15428327689172316,0.0794972876417545,0.07617596445513097,0.1571012100401833,0.1571012100401833,0.1571012100401833,0.1214004695522967,0.1747587553498193,0.22776679004157102,0.3583180150842917,0.3794166341871347,0.4293453663289156,0.5140397259720273,0.5743975106310296,0.4236502353675916,0.09446004107541275,0.10611661345132989,0.24008960177585106,0.2864553744507299,0.19770982058024086,0.1381796321556382,0.08381798289002725,0.13977491004558007,0.11458647324454183,0.08116959494032362,0.1446105648424119,0.12018615999755669,0.14009526406943063,0.17867423374092667,0.1571012100401833,0.30413406190639775,0.1571012100401833,0.26940284644451024,0.21014863086072377,0.13681514035434003,0.30390689703326806,0.36046506284373203,0.34855565563899354,0.3791468067693443,0.23209035140455053,1.0743993962660918,1.1255196256587334,0.418258960221,0.4976944834415639,0.47240118524383423,0.3744081668089175,0.3291511996346118,0.3391889309578154,0.3563940245758061,0.4326961811733859,0.30703468403171963,0.4663046813132844,0.5541831373795965,0.6452190926730876,1.0734907753586749,0.5627665346240541,1.0505572686118423,0.28533858377665167,0.36510848613940483,0.3524619429226111,0.3232366285670536,0.20388339348308965,0.19478143810060292,0.20335999541935953,0.2159788745640307,0.23275853022567802,0.25624680666940697,0.26949976943128345,0.29056351303254446,0.3092756532161426,0.33440149390503104,0.3695046035324376,1.165891428382742
5,0.07215002177821916,0.12057161436585796,0.09414056290168564,0.08901276423941192,0.1285333240394076,0.0,0.08020510366611522,0.07838590785315297,0.07581194571545534,0.013112567547222466,0.082659407936511,0.082659407936511,0.07197953961789087,0.09374386633307158,0.10247328686803173,0.11936806432986224,0.082659407936511,0.082659407936511,0.082659407936511,0.07164085025074797,0.18264885348119256,0.24811570689995957,0.4004643279225019,0.42043706145895343,0.46140356807136945,0.5570722228394512,0.6347000863798412,0.5141989261006455,0.15910903951662372,0.177117390411921,0.3155857693297988,0.32358963426621956,0.2333675830854687,0.12356216431727197,0.13567140634684519,0.1269671606496484,0.18859788539951033,0.12290455194512567,0.11544962374301465,0.07172394100324828,0.12994163236657888,0.13240027904085697,0.082659407936511,0.33290236781774457,0.082659407936511,0.29507386429508664,0.22737329145523016,0.12049024896936579,0.39285550355159177,0.408889602437503,0.38491099568249293,0.4147104748113119,0.3197159314142053,1.184919622622141,1.2310640882715493,0.4992758476839415,0.608043213639081,0.5539804128383455,0.4612675873231338,0.409691280187125,0.41605750081373943,0.4218587986649566,0.46333999420978234,0.3888118921408988,0.4698579952906243,0.5543007078938262,0.643916503826682,1.1154321263327347,0.5626818666844029,1.1206796568254456,0.26290529005948937,0.35716375921763943,0.3363174151375026,0.30472035537559183,0.20315553592573551,0.1990524277838049,0.21214279060729807,0.229130403163116,0.24997145102478308,0.2777979125481494,0.29518078810054554,0.3332192437950117,0.3587100557615941,0.3879153099171817,0.42810908989610696,1.2298248291616123
6,0.06742606302861408,0.10315475871483072,0.02496712317471906,0.016731890958509323,0.09690236871736635,0.08020510366611522,0.0,0.07547306677833528,0.07254864782524004,0.07384641091641156,0.07750186679799778,0.07750186679799778,0.028647481222350855,0.153143956671598,0.03715137521382883,0.05934904681265709,0.07750186679799778,0.07750186679799778,0.07750186679799778,0.06733572966735572,0.1833422446346386,0.249346696059289,0.4026771868274666,0.4225966743245577,0.47209647948739264,0.5593246133010071,0.6370968622885491,0.5161529168742098,0.15948565246711985,0.17774489288849216,0.3176267487062542,0.32530979943754784,0.22634461194200398,0.12318345216331761,0.13560329076223265,0.12668313170945555,0.18935731567330727,0.12250680208112813,0.1566186042950762,0.06748664276006697,0.17594670464040962,0.1886522756455352,0.07750186679799778,0.33449648743342797,0.07750186679799778,0.29653346974103173,0.22847053767487546,0.12002037221960189,0.39460716512607996,0.41092407135261805,0.3868540540936807,0.41661280963026337,0.3213838872587564,1.1595123525397082,1.2001959059646972,0.501670833181306,0.5936146543408906,0.5564344590511904,0.46353593807304827,0.4119490927471821,0.41833819882943285,0.4241023294628676,0.4770151829676456,0.39831792946686334,0.5152106096632911,0.6004673972886729,0.6903606910244562,1.1316406014089802,0.6073468736557857,1.112247293761687,0.31406940421515933,0.40359801144633095,0.3861044310766678,0.35503093606678965,0.23550483859851182,0.22393705512109624,0.23304251077019655,0.24641472803801298,0.26420981985379255,0.2887019762897213,0.29664082556079285,0.3650394437545948,0.38777379687367874,0.41530296786784265,0.45324284384873365,1.2324515960822686
7,0.04094682337014071,0.07918067557243728,0.09143468116816002,0.08569579559329008,0.1294600405804139,0.07838590785315297,0.07547306677833528,0.0,0.07003896908719422,0.0714789424313408,0.07326584743693518,0.07326584743693518,0.06461638670194797,0.15349809182420066,0.10056382732914566,0.11861517103018372,0.07326584743693518,0.07326584743693518,0.07326584743693518,0.06389431779677891,0.18401793882114006,0.25043266925806273,0.3871630760207215,0.41261659005711965,0.47388766305133245,0.5534490258783481,0.6390898037938879,0.5177906889983723,0.15991876975766647,0.17837020067541826,0.31935560444657346,0.3267767310484012,0.23603016394627105,0.12303334905256143,0.13569402083799478,0.1266066174405696,0.19008348122221233,0.12234188316133209,0.13695313456450475,0.06410739043172545,0.17692669041585546,0.18937270961660987,0.07326584743693518,0.33585936140200456,0.07326584743693518,0.2977937463188473,0.18387437614719568,0.06498375544990588,0.3960902877885234,0.4126357477681958,0.3501031491984966,0.41535048476959247,0.32280901322175404,1.1895101611168573,1.236498841022874,0.483000461126751,0.6125502119333138,0.5380046480567077,0.4654334711909605,0.4138423554693389,0.4202494805069036,0.4259828673747806,0.47886375739520853,0.39998929364814384,0.5169856033003086,0.6022518678507127,0.6921624690774708,1.1235828045136385,0.6091964688553259,1.112390854460266,0.31538033302467294,0.4001251244295685,0.3875729230414491,0.35643969866642583,0.21226731862475337,0.1941375437912745,0.2005973452377825,0.2118861824469612,0.22821678864529216,0.25130478127207334,0.25443296166200347,0.36686598061127074,0.3896406977706911,0.41720766646550234,0.45518702077152245,1.2028447421184267
8,0.05741479089147089,0.12162382607340519,0.09000883030150764,0.08383084461637617,0.10592871718898944,0.07581194571545534,0.07254864782524004,0.07003896908719422,0.0,0.06797697318288112,0.06629002894314791,0.06629002894314791,0.05951941106435802,0.1543330974007723,0.09969637460668335,0.11853560422593615,0.06629002894314791,0.06629002894314791,0.06629002894314791,0.0221357658342132,0.1853364076793212,0.2523658492644243,0.40767136106089236,0.42746846692330787,0.47690470226321346,0.5643526296892954,0.6326042596412538,0.48423129152399125,0.11713560447275789,0.1370462696316789,0.2989487348848506,0.3254686045781491,0.2382279537801757,0.12310383808029242,0.09028852408582433,0.12678932189568368,0.14952385507262914,0.07494510830338924,0.15913279443359984,0.020500456958174623,0.16592617715667043,0.1907582869126603,0.06629002894314791,0.3382073974172906,0.06629002894314791,0.29998799551873767,0.23123500958622298,0.11976122268457867,0.36131808935920395,0.40879619627602887,0.39127930682006506,0.42093662980745233,0.2885215018661089,1.178266031689482,1.2314353899059187,0.48382916394810754,0.589621786743179,0.5388838529674999,0.44003419100671676,0.39280551573865097,0.4018582770840196,0.41426783034618614,0.4819736540814376,0.36895689463750087,0.5155402232684613,0.6028569819250994,0.6939717487450153,1.137916610517152,0.6122940503873077,1.1298825077056935,0.31765049127376666,0.4080297661115644,0.3900794284275859,0.35885656360038215,0.23951123143616465,0.2277474841878813,0.23687632319029586,0.2502851711577549,0.2681367702994399,0.2926794432875816,0.3000961743880489,0.3500108179058965,0.3709476409080394,0.39758671357137443,0.43431330592124423,1.2286217297672986
9,0.06027931914390113,0.12123921557563856,0.09061049841865883,0.08463512272733206,0.13001278677423098,0.013112567547222466,0.07384641091641156,0.0714789424313408,0.06797697318288112,0.0,0.06954684038928853,0.06954684038928853,0.06185342223483578,0.10685643388029405,0.10004178221945406,0.118521672778423,0.06954684038928853,0.06954684038928853,0.06954684038928853,0.06095549581360544,0.18468923561727885,0.25144106778355696,0.406195092122972,0.42602864531353857,0.46838377600309955,0.5628737075910909,0.6408574771750204,0.5192527986362588,0.1603903137713724,0.17900004531818445,0.3209118699176684,0.3281043016897472,0.2371788700957005,0.12302171611910584,0.13588253250836976,0.12665624931426753,0.19079628349805655,0.12231790324289073,0.1260119253228519,0.06122848892768336,0.1418085810377716,0.14551284658807945,0.06954684038928853,0.33709523651970796,0.06954684038928853,0.29894530978719763,0.23037918201469174,0.119728412002535,0.3974250524230621,0.4141683969575979,0.38996581824137155,0.4196543711607672,0.32410067845193924,1.1918819858633367,1.237868853319963,0.5054458176981108,0.6143651311528832,0.5602916124892663,0.4671247209258574,0.41553303118128737,0.4219554083544587,0.4276616559353593,0.47100023171037647,0.39525052688396844,0.4828663408966362,0.5673836623131396,0.657021671179737,1.1249394054959063,0.5756912465391952,1.1280385850550203,0.2760178576067119,0.370158142028961,0.349429982684725,0.31783292292281434,0.21333812683251382,0.20756201875340705,0.21990708023682906,0.2362535909125891,0.25659794954226517,0.2838843908935186,0.2990532656916356,0.3441344774580539,0.36920959299023925,0.39819464998041176,0.4380709967700701,1.2365343774327193
10,0.03231902406679447,0.14595842711327325,0.10246898997271683,0.09423375775650711,0.1571012100401833,0.082659407936511,0.07750186679799778,0.07326584743693518,0.06629002894314791,0.06954684038928853,0.0,0.0,0.048854385575646926,0.17640327426958258,0.11465324201182661,0.13685091361065488,0.0,0.0,0.0,0.04415426310893471,0.2093659214562817,0.27889437036491416,0.4418841135648011,0.4608173001782092,0.5094649179575429,0.597525190041479,0.6768337008406614,0.5505213204671391,0.18342563341590581,0.2033362985748268,0.3559682332675731,0.35917400497054747,0.26742165485080793,0.14204303556073936,0.15657855302897225,0.14619259823082445,0.21581388401577706,0.14123513724653716,0.18749544413640015,0.045789571984973285,0.20727375896006295,0.21505968697736796,0.0,0.3664443809798447,0.0,0.32758859396073114,0.25714022358413086,0.13824960288684107,0.42760811830235185,0.4475801630188442,0.4226067065701183,0.4513722020704535,0.35463011940571726,1.230487704171044,1.27560771969847,0.5423127941208207,0.651291818467099,0.5974730251904086,0.5027871726073108,0.4516468415384204,0.4582677944958886,0.46345355851342757,0.5153162698744959,0.43445018593759555,0.551942867014515,0.6367938046461842,0.7265337264362388,1.1765237364945365,0.6447606880877121,1.1687550518665268,0.34556469799600037,0.43919560836378213,0.41897682307401357,0.38737976331210283,0.27157931053872447,0.2591960598034254,0.26814146488724633,0.2813303260029135,0.2989899815003883,0.32321986404085495,0.3276988090989386,0.40421649585342817,0.42731796809678174,0.45515524979319627,0.49337675563182803,1.273787497372901
11,0.03231902406679447,0.14595842711327325,0.10246898997271683,0.09423375775650711,0.1571012100401833,0.082659407936511,0.07750186679799778,0.07326584743693518,0.06629002894314791,0.06954684038928853,0.0,0.0,0.048854385575646926,0.17640327426958258,0.11465324201182661,0.13685091361065488,0.0,0.0,0.0,0.04415426310893471,0.2093659214562817,0.27889437036491416,0.4418841135648011,0.4608173001782092,0.5094649179575429,0.597525190041479,0.6768337008406614,0.5505213204671391,0.18342563341590581,0.2033362985748268,0.3559682332675731,0.35917400497054747,0.26742165485080793,0.14204303556073936,0.15657855302897225,0.14619259823082445,0.21581388401577706,0.14123513724653716,0.18749544413640015,0.045789571984973285,0.20727375896006295,0.21505968697736796,0.0,0.3664443809798447,0.0,0.32758859396073114,0.25714022358413086,0.13824960288684107,0.42760811830235185,0.4475801630188442,0.4226067065701183,0.4513722020704535,0.35463011940571726,1.230487704171044,1.27560771969847,0.5423127941208207,0.651291818467099,0.5974730251904086,0.5027871726073108,0.4516468415384204,0.4582677944958886,0.46345355851342757,0.5153162698744959,0.43445018593759555,0.551942867014515,0.6367938046461842,0.7265337264362388,1.1765237364945365,0.6447606880877121,1.1687550518665268,0.34556469799600037,0.43919560836378213,0.41897682307401357,0.38737976331210283,0.27157931053872447,0.2591960598034254,0.26814146488724633,0.2813303260029135,0.2989899815003883,0.32321986404085495,0.3276988090989386,0.40421649585342817,0.42731796809678174,0.45515524979319627,0.49337675563182803,1.273787497372901
12,0.04303886898393392,0.11481621197605249,0.053614604397069915,0.045379372180860175,0.11680117807829345,0.07197953961789087,0.028647481222350855,0.06461638670194797,0.05951941106435802,0.06185342223483578,0.048854385575646926,0.048854385575646926,0.0,0.15775548353395125,0.06579885643617968,0.08799652803500795,0.048854385575646926,0.048854385575646926,0.048854385575646926,0.046682122337513204,0.18971662184422874,0.2579604770241579,0.41591945232235294,0.435510067844743,0.4848026034154325,0.5725203442714862,0.6509931550638185,0.5277926623411324,0.16453135678235414,0.18384376893434717,0.3302024372934471,0.33614712347571435,0.23943570173409065,0.12499419872003563,0.1387589465802705,0.12890646688657204,0.19600747134143773,0.12423429128525837,0.16449094758627655,0.047396355212645826,0.18437795515305688,0.19527112199044488,0.048854385575646926,0.3446241724854148,0.048854385575646926,0.306099491021467,0.2365278375686118,0.12143147978687169,0.405394772957462,0.42319175867125614,0.398690239225444,0.42815748284780814,0.33195720695887565,1.1856521844176824,1.228040508853564,0.515710729512854,0.6144262831401861,0.5707221372289663,0.4769550019129053,0.4254111691659251,0.4319091184343921,0.4374623316903729,0.49009470888403667,0.41034118527741037,0.5277610853100255,0.6130048326624622,0.7029533560575649,1.1478259096494359,0.6203117627147375,1.132845299886266,0.3239125815614644,0.41542918516625227,0.39681163541591086,0.3654102238480233,0.24662653748092306,0.23461654349349628,0.2437448178140436,0.25716098800991394,0.27504139809193323,0.2995944260524346,0.3062086486408193,0.37814551106656247,0.40110237835785395,0.42883514270504497,0.46698240292244025,1.2473294692225498
13,0.16266976616163076,0.15297234184086406,0.15343449330829764,0.152888759753512,0.15428327689172316,0.09374386633307158,0.153143956671598,0.15349809182420066,0.1543330974007723,0.10685643388029405,0.17640327426958258,0.17640327426958258,0.15775548353395125,0.0,0.15504281273358966,0.16032884482025433,0.17640327426958258,0.17640327426958258,0.17640327426958258,0.15899294807740963,0.19498556401670128,0.24434055104821828,0.37059391187317003,0.3910842300125163,0.4201327753467507,0.5233507390598845,0.5972529262026969,0.48690663989752136,0.180017209864829,0.19129709000579112,0.2921908521006401,0.30609354135660655,0.22728032508064092,0.16197988320848317,0.16737380024057547,0.16340605236224817,0.19905645413747783,0.16171313649136457,0.0715024641643582,0.15854768888269727,0.06202433874234723,0.0386564127077854,0.17640327426958258,0.31742339372232187,0.17640327426958258,0.28398010753951863,0.2277692524711646,0.16075877971572972,0.37220336623721956,0.3822911099223068,0.36079261335856555,0.39052724074147654,0.3034032327766025,1.1383084829562202,1.1855067993626942,0.46365409576962635,0.5696360374035812,0.5163678112293129,0.42884705709693377,0.3786815594802316,0.3844295583369112,0.3908185576868467,0.41657246502342077,0.35369587219790305,0.37706959915973104,0.4608175898120443,0.5502358141237326,1.0497285266282688,0.4698428519170735,1.0712770806460357,0.16916142372641782,0.26460470363621,0.24257354880443097,0.21097648904252025,0.14480960698141965,0.15780376410039942,0.1761800342128239,0.19702355223186874,0.2202377999543037,0.25049592982499014,0.2840730218774682,0.2611418334538482,0.28991427506332446,0.3205078027126815,0.36277514095545005,1.1849813503669513
14,0.10239338031599643,0.09893949242891095,0.012184252039109769,0.020419484255319507,0.0794972876417545,0.10247328686803173,0.03715137521382883,0.10056382732914566,0.09969637460668335,0.10004178221945406,0.11465324201182661,0.11465324201182661,0.06579885643617968,0.15504281273358966,0.0,0.022197671598828263,0.11465324201182661,0.11465324201182661,0.11465324201182661,0.10016254509762092,0.18159012448176862,0.24279887146335724,0.3879890806721658,0.4082426047458882,0.4577684221857596,0.5439848046442739,0.6205834386730801,0.5030904849075518,0.16049917556997698,0.17657250740600847,0.30457510766346824,0.31460235529983605,0.21393641301508534,0.13052162779743437,0.14039220219861487,0.1332523408274889,0.1870220226717286,0.12999870586113493,0.15393384233335378,0.09996063189065194,0.17164486177893187,0.1863833268525436,0.11465324201182661,0.3246733958290514,0.11465324201182661,0.2879245707703626,0.22312440521635615,0.1280919725211842,0.38336328941091796,0.397533532008911,0.3742227937566013,0.40418205488891396,0.3110844392175161,1.1257947788240177,1.1641437676500959,0.4853803470821441,0.5676429148316471,0.5396098874383701,0.44826691485336956,0.39689763812620393,0.40309741820364076,0.40912094659940346,0.4621512269468841,0.3853476678014607,0.5009102171759534,0.5858972751793418,0.6754913321570406,1.111399702454395,0.5921769549062597,1.0860785648489724,0.30486097397799244,0.3908572182245809,0.37503318930964574,0.34466520157111397,0.22572816050229266,0.21503840203991878,0.22391043175527145,0.23695312047320916,0.254315835500684,0.27835799496125296,0.28802802732039307,0.3508086818355061,0.3730646280615461,0.40013393755967996,0.437580773708731,1.2138928225111847
15,0.12389432554461645,0.10294387389952966,0.03438192363793803,0.04261715585414777,0.07617596445513097,0.11936806432986224,0.05934904681265709,0.11861517103018372,0.11853560422593615,0.118521672778423,0.13685091361065488,0.13685091361065488,0.08799652803500795,0.16032884482025433,0.022197671598828263,0.0,0.13685091361065488,0.13685091361065488,0.13685091361065488,0.12097611442140552,0.18414761468202642,0.24154356334211435,0.38067574495521844,0.40106580907270983,0.4504540498116182,0.535840071128109,0.6115816591093782,0.4964499483098788,0.16513984993791603,0.17957467706780955,0.29871611223200856,0.3101582478595789,0.20933714655597915,0.13951945139966138,0.14770611967981687,0.1417528049195022,0.18912820491038138,0.13909485606234426,0.15657226255316264,0.1206586619296498,0.1728755272717235,0.18854104824997703,0.13685091361065488,0.32072014059486487,0.13685091361065488,0.2849765974203563,0.22284387498298303,0.1375555916459442,0.37823050344616477,0.39100134793033114,0.3682610469755063,0.3982264025047853,0.3069182751079026,1.1057538133648337,1.142636491525399,0.476764180478421,0.5527346424600742,0.5305451847384212,0.44038862744167956,0.389321306670621,0.39537923338437536,0.40154570969490994,0.45448909005425636,0.37912677714808696,0.4935041390419465,0.5781566245530485,0.6674363399434873,1.0997271739116932,0.5840535725422004,1.0707529444523212,0.30141713359528055,0.38475831599836896,0.37004376742474093,0.34026163324164427,0.2226574136764023,0.2126615749739304,0.22126906041785394,0.23394785161303253,0.25085583051697724,0.27440097837680544,0.2850768328479539,0.34394395829344915,0.3657976325540748,0.39247160587294266,0.42948578864400944,1.203215002802181
16,0.03231902406679447,0.14595842711327325,0.10246898997271683,0.09423375775650711,0.1571012100401833,0.082659407936511,0.07750186679799778,0.07326584743693518,0.06629002894314791,0.06954684038928853,0.0,0.0,0.048854385575646926,0.17640327426958258,0.11465324201182661,0.13685091361065488,0.0,0.0,0.0,0.04415426310893471,0.2093659214562817,0.27889437036491416,0.4418841135648011,0.4608173001782092,0.5094649179575429,0.597525190041479,0.6768337008406614,0.5505213204671391,0.18342563341590581,0.2033362985748268,0.3559682332675731,0.35917400497054747,0.26742165485080793,0.14204303556073936,0.15657855302897225,0.14619259823082445,0.21581388401577706,0.14123513724653716,0.18749544413640015,0.045789571984973285,0.20727375896006295,0.21505968697736796,0.0,0.3664443809798447,0.0,0.32758859396073114,0.25714022358413086,0.13824960288684107,0.42760811830235185,0.4475801630188442,0.4226067065701183,0.4513722020704535,0.35463011940571726,1.230487704171044,1.27560771969847,0.5423127941208207,0.651291818467099,0.5974730251904086,0.5027871726073108,0.4516468415384204,0.4582677944958886,0.46345355851342757,0.5153162698744959,0.43445018593759555,0.551942867014515,0.6367938046461842,0.7265337264362388,1.1765237364945365,0.6447606880877121,1.1687550518665268,0.34556469799600037,0.43919560836378213,0.41897682307401357,0.38737976331210283,0.27157931053872447,0.2591960598034254,0.26814146488724633,0.2813303260029135,0.2989899815003883,0.32321986404085495,0.3276988090989386,0.40421649585342817,0.42731796809678174,0.45515524979319627,0.49337675563182803,1.273787497372901
17,0.03231902406679447,0.14595842711327325,0.10246898997271683,0.09423375775650711,0.1571012100401833,0.082659407936511,0.07750186679799778,0.07326584743693518,0.06629002894314791,0.06954684038928853,0.0,0.0,0.048854385575646926,0.17640327426958258,0.11465324201182661,0.13685091361065488,0.0,0.0,0.0,0.04415426310893471,0.2093659214562817,0.27889437036491416,0.4418841135648011,0.4608173001782092,0.5094649179575429,0.597525190041479,0.6768337008406614,0.5505213204671391,0.18342563341590581,0.2033362985748268,0.3559682332675731,0.35917400497054747,0.26742165485080793,0.14204303556073936,0.15657855302897225,0.14619259823082445,0.21581388401577706,0.14123513724653716,0.18749544413640015,0.045789571984973285,0.20727375896006295,0.21505968697736796,0.0,0.3664443809798447,0.0,0.32758859396073114,0.25714022358413086,0.13824960288684107,0.42760811830235185,0.4475801630188442,0.4226067065701183,0.4513722020704535,0.35463011940571726,1.230487704171044,1.27560771969847,0.5423127941208207,0.651291818467099,0.5974730251904086,0.5027871726073108,0.4516468415384204,0.4582677944958886,0.46345355851342757,0.5153162698744959,0.43445018593759555,0.551942867014515,0.6367938046461842,0.7265337264362388,1.1765237364945365,0.6447606880877121,1.1687550518665268,0.34556469799600037,0.43919560836378213,0.41897682307401357,0.38737976331210283,0.27157931053872447,0.2591960598034254,0.26814146488724633,0.2813303260029135,0.2989899815003883,0.32321986404085495,0.3276988090989386,0.40421649585342817,0.42731796809678174,0.45515524979319627,0.49337675563182803,1.273787497372901
18,0.03231902406679447,0.14595842711327325,0.10246898997271683,0.09423375775650711,0.1571012100401833,0.082659407936511,0.07750186679799778,0.07326584743693518,0.06629002894314791,0.06954684038928853,0.0,0.0,0.048854385575646926,0.17640327426958258,0.11465324201182661,0.13685091361065488,0.0,0.0,0.0,0.04415426310893471,0.2093659214562817,0.27889437036491416,0.4418841135648011,0.4608173001782092,0.5094649179575429,0.597525190041479,0.6768337008406614,0.5505213204671391,0.18342563341590581,0.2033362985748268,0.3559682332675731,0.35917400497054747,0.26742165485080793,0.14204303556073936,0.15657855302897225,0.14619259823082445,0.21581388401577706,0.14123513724653716,0.18749544413640015,0.045789571984973285,0.20727375896006295,0.21505968697736796,0.0,0.3664443809798447,0.0,0.32758859396073114,0.25714022358413086,0.13824960288684107,0.42760811830235185,0.4475801630188442,0.4226067065701183,0.4513722020704535,0.35463011940571726,1.230487704171044,1.27560771969847,0.5423127941208207,0.651291818467099,0.5974730251904086,0.5027871726073108,0.4516468415384204,0.4582677944958886,0.46345355851342757,0.5153162698744959,0.43445018593759555,0.551942867014515,0.6367938046461842,0.7265337264362388,1.1765237364945365,0.6447606880877121,1.1687550518665268,0.34556469799600037,0.43919560836378213,0.41897682307401357,0.38737976331210283,0.27157931053872447,0.2591960598034254,0.26814146488724633,0.2813303260029135,0.2989899815003883,0.32321986404085495,0.3276988090989386,0.40421649585342817,0.42731796809678174,0.45515524979319627,0.49337675563182803,1.273787497372901
19,0.039586558012207056,0.1264488385346506,0.08902275053580201,0.0816625857898258,0.1214004695522967,0.07164085025074797,0.06733572966735572,0.06389431779677891,0.0221357658342132,0.06095549581360544,0.04415426310893471,0.04415426310893471,0.046682122337513204,0.15899294807740963,0.10016254509762092,0.12097611442140552,0.04415426310893471,0.04415426310893471,0.04415426310893471,0.0,0.1911525308121912,0.25964840335199796,0.4182394447967445,0.4377714028886478,0.48701654389272747,0.57479276010543,0.6469545182722468,0.5063670573582044,0.1392713703069711,0.1591820354658921,0.3175888173222055,0.3356457695890689,0.24638276864135197,0.12591273699297398,0.11242428992003753,0.12987243079772423,0.17165962090684234,0.09708087413760244,0.1662189926950994,0.0016353088760385785,0.178064160754871,0.19673450615124097,0.04415426310893471,0.34648376829199345,0.04415426310893471,0.30789519787524083,0.23815301057842164,0.12230389326792078,0.3834538551934172,0.4209842645349412,0.40079436111003386,0.43020419892206635,0.3105880902658482,1.1955489717480576,1.2459675000148296,0.5031429500765486,0.6101070803921506,0.5582565846389795,0.4608787324672713,0.4122026002673693,0.4203741141888004,0.4301817744680824,0.492366639527416,0.3907967336128544,0.5270486851617386,0.6136018492214927,0.7043186995657791,1.1505277674878225,0.6225389909742465,1.142582343854908,0.32573978089156536,0.4175260100998369,0.398737462926837,0.3672985325073793,0.24871899158823305,0.23665400587265445,0.24577523388969819,0.25918405104333453,0.2770610358257528,0.3016038810947984,0.3080045600281212,0.36767117519135356,0.3894236718171819,0.4165218557779572,0.45381401565549984,1.243493073770393
20,0.19522322128669986,0.17519582252547883,0.1813297230652887,0.18161704942865586,0.1747587553498193,0.18264885348119256,0.1833422446346386,0.18401793882114006,0.1853364076793212,0.18468923561727885,0.2093659214562817,0.2093659214562817,0.18971662184422874,0.19498556401670128,0.18159012448176862,0.18414761468202642,0.2093659214562817,0.2093659214562817,0.2093659214562817,0.1911525308121912,0.0,0.0695284489086325,0.2589234672351316,0.2636569727912273,0.3048643936341893,0.3928766595281,0.4763594208497678,0.4812976312170971,0.19767644093933123,0.2064171695104861,0.21067211488882598,0.15188447149089113,0.06972714808752149,0.06732288589554232,0.18859671073664708,0.06317332322545724,0.21266322886477315,0.18496385703336857,0.18455151804529127,0.19064101877109832,0.19529239729594228,0.21227008385056342,0.2093659214562817,0.157078459523563,0.2093659214562817,0.11822267250444948,0.2368940349564945,0.1843970885514157,0.37034608705204025,0.24336131725112348,0.3385938936203136,0.2427699498483849,0.2948541387643007,1.1233191681624375,1.1725702614339812,0.4550720158550653,0.5592471264216891,0.5066126646768534,0.3758998087942187,0.30350377558770314,0.29767929752350875,0.2777031724933908,0.3143706575951055,0.36751777941233504,0.475768330863122,0.558298933625288,0.6457566593314248,0.9894231243058837,0.547306883069691,0.9862317146333689,0.3014955690381046,0.3734351946083631,0.3628445930542645,0.3358467641523794,0.22791763657599734,0.22084411872317056,0.22800598042419132,0.23869768919629644,0.25315358459571136,0.2738952848630703,0.28742239896183297,0.3310367227703199,0.35090686021921025,0.37558247493241453,0.4103619499405714,1.1705898307727358
21,0.2642214890389402,0.2306575484266748,0.24434389553844205,0.24572506259137078,0.22776679004157102,0.24811570689995957,0.249346696059289,0.25043266925806273,0.2523658492644243,0.25144106778355696,0.27889437036491416,0.27889437036491416,0.2579604770241579,0.24434055104821828,0.24279887146335724,0.24154356334211435,0.27889437036491416,0.27889437036491416,0.27889437036491416,0.25964840335199796,0.0695284489086325,0.0,0.20940805259084,0.20364448636716487,0.23875311324150073,0.32624166315251485,0.4117460933343882,0.4767792959703478,0.24550082744250287,0.24983668901103073,0.19087326291306306,0.08531871006874485,0.04602512800278882,0.1368513348041748,0.24213639984567387,0.13270177213408973,0.25331487334270447,0.24153622738321234,0.23040534725239573,0.25905269903203265,0.23649195344494864,0.2530885275819843,0.27889437036491416,0.08755001061493052,0.27889437036491416,0.04869422359581699,0.2686786252275184,0.24153257869133557,0.3759963772996488,0.17820425736110038,0.335856405543792,0.1739015639364984,0.3056748572291655,1.0942878318330154,1.1447885932939785,0.4445059722697593,0.5432731229786242,0.49267935594532547,0.3516611460195711,0.2726803137588115,0.2601719712912314,0.22536900032827173,0.25070543700894066,0.3696411380872911,0.46877366218163535,0.5476639697688673,0.63212392083374,0.9293920122620898,0.529486968990344,0.9281277483553746,0.31752319829324693,0.3756306298019646,0.36942302422252477,0.3461316449906658,0.2531699448057756,0.2490969155543618,0.25448941291847166,0.26268836448270677,0.2739948757408841,0.2909103605919594,0.30622740940863513,0.33332874327516404,0.35039826555694487,0.3721568728528132,0.4035757199081467,1.1427600173462464
22,0.41704462636292733,0.3348651954070214,0.39247939514104146,0.3956980282506035,0.3583180150842917,0.4004643279225019,0.4026771868274666,0.3871630760207215,0.40767136106089236,0.406195092122972,0.4418841135648011,0.4418841135648011,0.41591945232235294,0.37059391187317003,0.3879890806721658,0.38067574495521844,0.4418841135648011,0.4418841135648011,0.4418841135648011,0.4182394447967445,0.2589234672351316,0.20940805259084,0.0,0.05766076878275937,0.18098456192680282,0.18780993282242886,0.3096831449905815,0.4695303705102499,0.3692182934556642,0.36602308009640483,0.2320029849929023,0.16365541956672874,0.2126608850443499,0.3141792526656438,0.3751601466903138,0.310635793015632,0.36456110048075896,0.3793682515393169,0.3265169563283683,0.4174277115148292,0.3477325446856693,0.3646375112153135,0.4418841135648011,0.16853380297605744,0.4418841135648011,0.1826681289371931,0.2886545629635312,0.3444433003929758,0.4028329487602507,0.15740170672624118,0.23097493627928878,0.1400429882715201,0.35619373817333194,0.9965832124185148,1.0529055255021715,0.34880197467004637,0.4951142065377622,0.38365508822122263,0.3262385734140528,0.2566794744357736,0.23609454908476118,0.1899000173150428,0.18806692679790862,0.3859035338186514,0.45330964128112566,0.5185853344981801,0.5917705252019461,0.7574264628768311,0.49058469356307555,0.7457086247398078,0.3745025916092242,0.3782660439152156,0.39915400567078374,0.387032414558942,0.28694138233328564,0.280839908925522,0.2752451975947368,0.270096319019219,0.265716818749016,0.2629546066054349,0.2751860376270063,0.351079643414456,0.3589187594319401,0.37065136951324673,0.39004217309977823,0.9515906336190844
23,0.4387003710264948,0.3658964399244572,0.41263673230561465,0.41578264204431237,0.3794166341871347,0.42043706145895343,0.4225966743245577,0.41261659005711965,0.42746846692330787,0.42602864531353857,0.4608173001782092,0.4608173001782092,0.435510067844743,0.3910842300125163,0.4082426047458882,0.40106580907270983,0.4608173001782092,0.4608173001782092,0.4608173001782092,0.4377714028886478,0.2636569727912273,0.20364448636716487,0.05766076878275937,0.0,0.13157309782312515,0.14365811296512124,0.2685910287379793,0.4826163489131428,0.3897051453325993,0.3864626106221485,0.23596549120172683,0.14108119732243152,0.21266067346705336,0.3253959844605427,0.3956247438445087,0.3215257816558888,0.3849419215191439,0.3997788745612982,0.35534535910098514,0.43698021163474776,0.3688547813246475,0.38502252687700483,0.4608173001782092,0.1411044863133694,0.4608173001782092,0.1660942121113065,0.334478358381119,0.37669000973863864,0.4192471340112848,0.11511081073904775,0.2885005188950998,0.08856042905892682,0.37309078824789826,0.9995186034871134,1.055369145755169,0.385027648519491,0.5059552617294921,0.41800321522534056,0.3286455100264612,0.2546703043574572,0.22893547262351177,0.16705648396958775,0.14422569129708432,0.4026095659923412,0.46655524701550644,0.5296141829595099,0.6008894001902869,0.7423149103424151,0.4969654941415608,0.7360940685650059,0.3929836555487337,0.3990590884701075,0.41580080027165184,0.4045074590568415,0.3237489647638095,0.32081309393079954,0.31770553764533643,0.31518341702392827,0.31350866968326996,0.3138608384390901,0.3277608424035693,0.3693571407053991,0.3765143560744337,0.3873706999209758,0.4055220376731889,0.9832293712739105
