,0,1,2,3,4,5,6,7,8,9,10,11,12,13,14,15,16,17,18,19,20,21,22,23,24,25,26,27,28,29,30,31,32,33,34,35,36,37,38,39,40,41,42,43,44,45,46,47,48,49,50,51,52,53,54,55,56,57,58,59,60,61,62,63,64,65,66,67,68,69,70,71,72,73,74,75,76,77,78,79,80,81,82,83,84,85
0,0.0,5.5861159650534935,6.652017831868963,7.686781635205811,6.153309201133335,9.404541894941547,14.694194598771178,11.1317935938495,15.382003039818192,12.481690794392952,6.813125627673428,14.426584623347193,8.7993306340992,8.742718600236731,11.999172168504094,12.980916401724805,10.252095842925275,15.753591214535122,16.411753544572502,12.83452365189107,12.396096977849025,20.02478564909122,22.237223096087753,17.931472073388363,15.79075852530203,17.907234764827898,18.93084185081842,13.746316287124237,16.24683488795802,22.65366458256345,16.821520166968284,18.334621246779133,19.372886595754903,20.0408276656986,18.779663793294368,20.702177305747476,19.784234332652836,17.56392108595991,26.390833453666897,23.583035338265503,23.808529471208324,26.41240535603118,20.98663752880243,21.073418944572346,22.88464766458176,19.704832664545012,24.26463169916874,24.40629525474965,28.11790547501333,28.151178453599815,27.435404035619385,25.510958349868595,38.874468024229174,30.30926174455838,32.50066999605232,25.279841404514656,29.40684238640514,43.20192059999223,27.601658124705096,30.388219289920276,28.327802034872303,37.2481848121297,31.800905826667115,33.565505364161304,29.603057526004427,39.110674661191645,40.452257014600136,37.92584236915366,33.81356193948508,39.46829689412723,33.00884361554532,35.08366842330854,35.363211843990655,36.576486699026134,40.670746668363805,37.63599619536876,35.47388311709678,34.88751773157479,40.72358432614162,44.686557585087705,44.8076514570202,43.73274698655281,38.859048229712876,40.90767949348844,45.25444073138129,40.13586289573445
1,5.5861159650534935,0.0,3.9578150344304888,4.816144979524001,6.034920545012695,10.92528126763776,10.051717610511103,10.640027985212736,13.146952972212933,8.481374597977009,6.999083120908153,10.090492450984302,6.932137227859865,8.435075477872667,9.026466182636995,13.474220601432084,11.042188590377037,13.00098322704478,15.904224797180621,11.415385107012279,10.348885499117948,15.774894910316346,18.53384016876584,13.984857461084063,13.517756949454837,17.583561506939176,17.789058781818905,12.826406479325621,15.255332549263898,19.41955248425619,14.999370837915878,16.0733796381099,16.102441711236164,18.088023748292763,19.290436733963702,18.8701609301361,19.463929310343918,16.822848001331668,23.874787571130607,26.80361564827035,21.904082849369132,24.301472871802606,20.0348416206192,21.24173570019073,23.697449674415388,19.114128894145512,22.997357690167874,22.706367114768227,26.87871379163897,26.596397648676884,26.905544131548847,24.42617698049982,36.985016374361194,29.06511106505676,31.074928735504958,25.828322205110684,28.910425547996766,41.928860585806966,26.33041420005385,29.996512902517832,27.48973811134261,36.112625549176634,30.393475354917722,33.18703089786002,30.25557166597461,38.139868717814835,40.062776507122514,37.032815458495804,34.71900380781578,38.5919528251967,32.82861737688738,34.583813068321,35.247662738143255,35.75928041535748,39.61378072969681,38.47931623031302,35.391973860511996,34.735669933718654,40.72945452141536,44.79300973036848,44.75762405096432,43.329034568224415,38.5979011612684,40.94520099084431,45.14687537247825,40.43352221476365
2,6.652017831868963,3.9578150344304888,0.0,3.3944981080868133,6.214277776810637,11.26164257775328,9.70474793382017,10.56560601441753,11.835042990779293,6.754679431260779,8.13968790461552,9.708681802572851,7.974521230320563,6.053342264564332,8.149871085730107,11.62450156528992,12.116702889520976,12.453925828370323,18.290502168561435,10.126381995212405,9.407092439631834,15.664691454506277,18.13910844758145,13.55915912958116,11.492075854625684,14.967697305278408,18.661412703600575,12.32750974018871,13.599470092752794,19.27323380334778,14.086425443238701,14.101402268062765,15.766159749177492,15.734404578523417,16.81256867709107,18.789659710743837,16.953059092458574,15.72459224555553,22.427845280937632,26.565170308907366,19.76434714717279,23.522382266150498,19.36218730264222,19.62523297108906,21.792542190816413,18.398106548632807,21.660735530427573,21.57737315324967,26.95735769119229,25.44620183690296,26.463586265905114,24.078088255183335,36.46539398678233,28.161890694069097,30.40995597580789,25.440913354995693,27.199651908406203,42.24427502407109,25.106443975298266,29.193287245119745,25.675779070878857,35.40755735088255,28.725834698261288,32.59312936657257,28.87928100250561,37.725364593014355,39.63250063507408,36.42875518666336,33.687862545472356,38.37238781697114,31.453042952517304,33.29655450131673,34.57100184793472,34.68341954119069,38.99845482351933,37.783022857124365,33.700507701261074,33.55167019751007,40.232859497795936,44.32017889281269,44.12574174129766,42.9232050823117,37.32717380002136,40.03906389323641,44.3350133364999,39.055233412574076
3,7.686781635205811,4.816144979524001,3.3944981080868133,0.0,4.712061231288599,10.263978345274667,9.443455937551064,10.430337112275163,9.8211254975843,6.246101716787114,7.264870692456563,9.979276435473185,6.668013948052117,5.768367447296578,8.25396791694855,10.188815321950038,11.701304230806107,13.622351818513708,18.462975617752928,8.654789026866764,8.952607279879194,16.07996163181879,19.107634207166832,14.191400131419122,11.742415020479827,13.984769235911466,19.388073811119103,12.680486054522184,11.91343410880708,19.65966441291498,13.822201402362632,13.446508524740507,15.829633606536206,14.847630811739341,16.425747555482673,19.11983326108926,16.37925392950798,16.03569938694399,23.303725758915462,26.004933867760915,20.37880640655522,24.536226574258215,19.624790127586838,19.430930836624725,21.088847554250002,17.98448608535205,22.07247111859415,21.715353953709705,27.952460376293818,26.40054516347703,27.37517552797038,24.30861728207131,37.768756012454546,29.06509975316511,31.583972490729764,25.91791286377261,27.779153946741342,43.639582330664346,25.489058733253867,30.074112562293013,25.747369708423214,36.50831148634074,28.962170031026254,33.65309104007073,29.230302615781376,39.05970165146396,40.934358612798164,37.3993389018771,34.202114917558006,39.48036775581919,31.92599588953882,33.88276005804268,35.37735059405925,35.38909097837672,40.12749170624271,38.727568999485875,34.0065773310065,34.09892633995105,41.22557643477729,45.61277835481893,45.39821822859604,44.04160979432569,38.0381909946462,40.87240109271131,45.439400900512155,39.610307932425016
4,6.153309201133335,6.034920545012695,6.214277776810637,4.712061231288599,0.0,5.769206862441779,11.472912191540487,10.710341807772737,10.987306416475596,8.908110161085162,3.616591034426462,12.00914527613041,4.6308818412486525,5.798801418461558,9.418083478418842,9.153262595263632,9.023285903443535,15.15132715657254,16.230302190568224,7.993866796538183,9.16139262704612,18.352874570559898,21.501540135917086,16.189697601870076,13.504577777600636,14.404405935057737,18.91574840584268,12.509446877949324,11.89810794445458,20.95595118123876,13.594643658542589,14.877982653117082,17.16492689064968,16.29391317099403,16.467504692260334,19.339280253580245,17.092347685677606,16.133533399752825,25.437573133958672,22.566815744721243,22.341566737935608,25.818446022053504,19.882967022971204,18.5627653398106,19.883212474799183,17.299081897057455,22.497781701302873,22.410245953592273,28.027356471394032,27.660552907130715,27.517628818896345,24.320350688049057,39.41908357910332,29.88118881982007,32.65748211938732,24.733384909506142,28.304425214965846,44.26015563710335,26.19138166457029,30.43924342089758,26.37646311243673,37.385483463982474,30.19427514649919,33.972459225793564,28.62836690457735,39.76647279879925,41.21506792830112,37.944924465344876,33.21675172630039,39.80870214834657,32.00719931310952,34.211433185813284,35.15916486153491,35.9472818108291,40.954465807285565,37.95113890483431,34.08485556098286,34.13774082796355,40.98288699348221,45.645615062661285,45.46169346060871,44.15094734315447,38.3251300106616,40.719785762475645,45.61903223049056,39.27990547564021
5,9.404541894941547,10.92528126763776,11.26164257775328,10.263978345274667,5.769206862441779,0.0,14.75090327529311,13.342965149930059,13.438329371327749,12.817865761558327,5.523839381655849,15.519716384613947,7.233661247374273,9.163226996131508,12.778385814601203,10.023410503042028,9.64634596571962,18.39676479154378,16.023571935766203,9.681270175861002,11.382080093980594,21.89900935271664,25.12924400100918,19.47633734967897,16.70546353347542,15.737278090076249,20.41295780560512,14.695051961811053,13.540884018652925,23.515220668830217,14.764326351453452,17.485983742021393,19.946078118636876,18.609900605910425,17.63134923063367,21.161512634619413,18.988793450641754,17.96000608646009,28.586679558006633,19.424146963955124,25.25727584328636,28.260081546270577,21.834127422919682,18.605145122237825,19.151246277601295,18.104451065096878,23.91386861305685,24.227570327573613,29.379603003646658,30.066937640257898,29.080222976316094,25.739888313658536,42.25279912280269,31.82675125349494,34.92143281730893,24.755263462067568,29.732172650925435,46.10954961823673,27.935677762437624,32.11061831833092,27.82570858153336,39.358095550222245,32.31703110620249,35.55415494309948,28.917516404728246,41.60185718556063,42.60081649695178,39.576433565056654,33.01787184179016,41.24019868697435,32.94784293653262,35.402406392188524,35.93233918169767,37.43545921454911,42.8537042462509,38.089447532229954,34.79493649819045,35.05156725840653,41.714744560732974,46.75020113284198,46.455157802952364,45.25122326593921,39.430101690151844,41.39953327680794,46.7140539998435,39.52869615662218
6,14.694194598771178,10.051717610511103,9.70474793382017,9.443455937551064,11.472912191540487,14.75090327529311,0.0,16.82621952078294,13.849299136719178,4.4869511899184165,12.162295439296942,3.5378347917223056,10.075454890650368,11.347580699651887,6.542928571596303,16.35447931072795,14.338274014735923,10.188958002041117,17.242346054440798,10.480397334622813,11.328959258888254,9.876711950897421,13.688806947316007,8.78977184072935,10.781183848249755,18.164098339346808,16.93900938839555,13.106472950803491,15.0949041357186,13.855113503580673,11.7035241504605,12.756065706437573,11.654193878679093,15.218875430557643,20.63025685666266,15.958296394028135,19.253720486804088,16.28809025182017,19.722115867868503,31.19137128846689,18.819087035553867,20.630154734221243,18.85071938127654,20.212193263474422,24.039804774247216,18.32475228977411,19.76299108200531,19.238603232451073,24.58579519134563,23.81031225474141,25.71571235319414,22.352129796014598,34.06137285792057,26.389918932610524,28.532432441689945,25.910742226083915,26.683926770619156,39.791821690494515,23.88227767001149,28.96393327784785,25.369110043740076,33.519169773103094,27.29573059315808,32.13534969824276,29.873089532243398,36.157436564102355,38.50077986258255,34.69483992256729,34.072015058235074,36.489924045104544,31.210951225951128,32.36877713065042,33.88047101579357,33.36595637470909,37.46339732297416,38.25833953418033,33.63563825301162,33.499704111310294,39.437876903077814,43.970480973016166,43.36853754191774,41.65444324852044,36.96167077851566,39.45734557137733,43.60405203895037,38.903323550092665
7,11.1317935938495,10.640027985212736,10.56560601441753,10.430337112275163,10.710341807772737,13.342965149930059,16.82621952078294,0.0,9.485521592649627,13.921082047530504,11.278211863667766,17.578620007335555,10.96647268841571,11.803302552453824,16.331028466106215,10.504860258096006,17.538602517604893,21.09233704785926,22.91529344591767,14.607921824312958,9.445963510358489,22.780511955538508,25.92893239142014,19.966433852478755,18.40090760770273,14.333014479454944,25.808914731592626,18.4320355413792,14.918505365001595,26.68351695464235,19.199864560477415,18.706688278848222,21.460958729968205,18.6692736492084,17.07858884900896,25.49015911378222,19.477677830605376,20.58445353489104,29.48902306445902,23.385823112044758,25.41542957739115,30.49459537293973,25.005269001870346,23.022282556491454,21.523905784525738,21.482277971759842,27.26525601834776,27.01780999994406,33.0672986420694,31.712488574687153,32.59137811804766,29.452492134556653,43.61974257450506,34.39111939772941,36.964960256459264,29.10253699629666,32.588028940172435,49.04994244650209,29.25263502276151,34.594526378217886,28.767028594444653,42.01127301687212,33.49327977223861,38.073821841927845,32.15172023618308,43.774122513533236,45.93023906715029,42.532062099219615,38.01254428673055,44.20597544340527,35.436904755448325,38.082510843279195,39.21226678092956,39.62729239167792,44.43072433990546,42.04751184503825,36.87649515617374,36.74100756131213,45.289352462665995,49.73007725888457,49.584143715550105,48.17635370076369,41.18383697312401,44.52957146702578,49.64070715226697,42.589587573705565
8,15.382003039818192,13.146952972212933,11.835042990779293,9.8211254975843,10.987306416475596,13.438329371327749,13.849299136719178,9.485521592649627,0.0,10.74093063775603,12.598433621516694,15.601817370938718,10.953386305119787,11.09356993747706,14.7626991712798,8.06735182291993,18.38355591070454,20.68775136117572,24.64568478423485,11.148005385811684,8.741703811254784,21.05978499172302,24.894130719432344,18.642696101465972,16.20190546141082,10.425369848988174,26.511227068403215,18.47539707712997,10.733156297983369,24.868023585811542,16.847625865261712,14.888258836641297,19.70665944450634,13.96119419543968,15.504332173520602,24.602004305409725,16.67962503273074,20.129184334080982,27.912931973870496,25.423763192862015,23.4784640211002,29.776730470509523,24.45430115247782,21.1679373249666,19.285418323418867,20.27550092091178,25.569002490575947,25.042410558049298,33.514416495951686,31.102178809709375,33.03381920161532,28.749801957812238,43.751273141570664,33.92304214828669,37.06311027768611,29.799177497180064,31.281989620257317,50.23279803258226,28.134944025908865,34.9737202035544,26.854478977134246,41.94897807948778,31.424137462379004,38.849782773938855,31.802985191965316,44.60500316038195,46.81381851922251,42.53849560759263,37.88487861935319,44.82155758859779,34.68542921725168,37.22262861533013,39.52974814170646,39.04212687454626,44.87990390160494,43.08136003095143,35.60271073933082,36.55994853968377,45.993985156460205,51.06865866985778,50.516943123079514,48.966697363862664,40.93099840537621,44.69836945507286,50.16453522400192,42.02753698204019
9,12.481690794392952,8.481374597977009,6.754679431260779,6.246101716787114,8.908110161085162,12.817865761558327,4.4869511899184165,13.921082047530504,10.74093063775603,0.0,10.19051840264196,5.393942584935323,8.300334868893005,7.505244610795074,5.407595682948957,12.423627636339376,13.25909785528191,10.682965462907095,18.446650994331637,7.631581905494142,8.428335013209082,11.811076677624209,15.239678686637944,9.80971080389868,8.617289329894202,14.097159017306756,17.875718567347736,11.645629249772623,11.66464672242863,15.54876607096356,10.641235807473011,10.309292285187622,12.033444670483258,12.210366266550711,16.691679070311856,16.37166344252679,15.657772935960713,14.455950533048787,19.609803539762883,28.352324579935107,17.197333446572927,21.066227246063534,17.84050684114376,17.88213975858068,20.7658653797296,16.57021933741647,18.897675215564785,18.519756158139927,25.290879306722516,23.420047058032758,25.42976079440098,22.03109850015951,34.83478357196466,26.206672831349074,28.76053455397968,24.77277928622642,25.28930474348771,41.119851714478884,22.75180365239057,28.196532363190602,23.35526987837823,33.73462835249745,26.049372501153726,31.70606488169787,27.916885411185007,36.49414424052613,38.691499041210676,34.78566686666812,32.75799429579039,36.92439693518503,29.78121123898432,31.37790745313096,33.27826938331151,32.72602119519624,37.4907929095478,37.311443738203124,31.842576026570654,32.097002357196686,39.16162493680829,43.76303142946842,43.19752908517292,41.70057780488734,35.78326082231495,38.71466003270893,43.21560724625863,37.51252747503226
10,6.813125627673428,6.999083120908153,8.13968790461552,7.264870692456563,3.616591034426462,5.523839381655849,12.162295439296942,11.278211863667766,12.598433621516694,10.19051840264196,0.0,12.152879337355818,3.015640565543521,6.909194314662147,9.357071916955803,10.186022965236551,6.819653116889263,14.68385597056485,13.448374066151478,7.896434247981955,8.522617462549633,17.886413108468272,21.101813422802916,15.495272394783719,13.479745768589929,15.168760793425827,16.984176972754977,10.939824169949848,11.846701008515796,19.951016923642833,12.228113556971481,14.724593894047834,15.959916117122827,16.474034267895405,16.436343892784222,17.67800897250301,17.14209256946177,14.643624124353328,24.952033148035447,20.78652056582196,22.015007384673453,24.650916074285842,18.30605351534766,17.25418665756545,19.059975870984513,15.35163348089769,21.191879439101395,21.103908894557183,25.975960429812535,26.509931243592305,25.74484353334813,22.406631965677253,38.329333108937945,28.453911028298407,31.25900296851359,22.336429212112648,27.209120888769835,42.4776107431108,24.688871562582843,28.773380350105345,25.253470849499433,35.94355541025841,29.237588906608057,32.17707146438527,26.951234897147497,38.04292601389035,39.45095427840693,36.27004924648445,31.339322945311253,37.85147481154373,30.41586294504539,32.6731367211556,33.1162466747439,34.335459991045795,39.23881741821822,35.83213138022136,32.66244622814025,32.31772535154234,38.90188247210158,43.70906733079612,43.564624511736895,42.113413705201026,36.64054306974074,38.78623311200366,43.818288857566586,37.53116466470868
11,14.426584623347193,10.090492450984302,9.708681802572851,9.979276435473185,12.00914527613041,15.519716384613947,3.5378347917223056,17.578620007335555,15.601817370938718,5.393942584935323,12.152879337355818,0.0,10.324931193445796,10.931927300716124,4.459745092209052,16.93308341142511,13.017772300371638,6.7767072529537575,15.812850957633442,10.265504252809466,11.401891861992473,7.147988833673718,10.709497006032928,5.87796773572648,8.433533640419222,18.299939583087884,13.982455655638223,10.436222969292663,14.796100068902057,10.926198342183234,9.90191017054484,11.283221824279327,8.831316357647804,14.390371353549128,19.765707162827642,12.845605133262861,17.973898984606866,13.627494603121422,16.67135445836942,30.716944744626613,16.183144307609343,17.34202662151993,15.782619178860752,18.431612025421373,23.27817924395134,16.226719975688276,16.9957716920512,16.443351827768296,21.347289091296414,20.5384821272669,22.364071230218016,19.29461003606249,30.765520985162794,23.103999155591044,25.144577152054868,23.18237492117143,23.830799508472815,36.532666727695705,21.049178327281822,25.645159955884676,23.040693618816075,30.171356944144403,24.551645724757492,28.74997423857675,27.29767747852207,32.76292797816676,35.12137436082149,31.366044957732356,31.316548394629375,33.156428637451064,28.380546055924047,29.37924538925138,30.737683418406345,30.24111350822212,34.11098114190023,35.19198814091267,31.09250592657631,30.63853483552986,36.19370531395901,40.586774989005626,40.05289509648009,38.34138194812918,33.96648598165124,36.345061633224525,40.310965852801125,36.1544479074758
12,8.7993306340992,6.932137227859865,7.974521230320563,6.668013948052117,4.6308818412486525,7.233661247374273,10.075454890650368,10.96647268841571,10.953386305119787,8.300334868893005,3.015640565543521,10.324931193445796,0.0,7.033088966395221,8.16058052559698,10.164286376081892,8.245200350894613,13.869216461447701,13.86257721484132,6.739576751768703,6.712615841504028,16.023732101489617,19.67166466231323,13.610318515227053,12.338125591571622,14.476088712161847,16.964300368862478,10.704399593055072,10.750752248462339,18.530380849356824,10.978546230266023,13.164534149084734,14.185013713622052,14.939317080108543,16.285581770152767,16.932077708997706,16.62159367688892,14.216826279101577,23.819533947563244,22.271831138163297,20.95877903814785,23.77078850226618,17.889234712996238,17.095780095494124,18.992049461072046,14.77209892944951,20.44352270061185,20.099156037083763,25.567298845423363,25.807304891407536,25.673375916221865,21.879310034932804,37.68747379134599,27.919034841124937,30.735548401415013,22.610137992029784,26.8748877685575,42.21377529136073,23.832218561182756,28.652416846600794,24.467707529846756,35.55013097149741,28.330417888635647,32.103526649995715,27.101840119192705,37.7428786326204,39.47182903150197,35.94650002616056,31.755137586621213,37.56946973223312,30.144414979592344,32.30955972045995,33.04327530013548,33.85039142586853,38.78445958731976,36.26908330364413,32.32445086951957,32.021628644395975,38.967198432883386,43.90233792007284,43.64161134279436,41.99672553165647,36.34069616655299,38.74733766061495,43.81432906212296,37.47132183769084
13,8.742718600236731,8.435075477872667,6.053342264564332,5.768367447296578,5.798801418461558,9.163226996131508,11.347580699651887,11.803302552453824,11.09356993747706,7.505244610795074,6.909194314662147,10.931927300716124,7.033088966395221,0.0,7.430713828921908,7.565016638724998,9.999666980363195,12.838421439187034,18.032461727422703,5.581238242028733,7.364051223385658,16.56393653695112,19.169155157428097,13.88353007369715,9.053984619588064,10.540036668787648,17.91900970337017,9.564003655924282,8.691962747749711,18.77207673732849,10.497584942787162,10.483648269892122,14.548373590135151,11.715931156378733,11.761735442431586,16.88094720900331,12.00699398571693,12.084486259438505,21.338098297669358,22.084331118548025,17.33118788162016,22.302886754559005,16.380950377628352,14.29855123933952,16.076411459755313,13.964637643022872,18.256120448718306,18.410914638818742,25.399285086822804,23.51274044541406,24.206565807243244,21.174222408974597,36.11079236822712,25.983686570720106,29.04794078649054,21.613826092727884,23.550396108272977,41.900128274614154,21.827870070834145,26.5613123792024,21.490620149306505,33.7198809357372,25.459678349625044,30.3142990539908,24.304349335577857,36.33323402854828,37.858553931217116,34.32967891352365,29.412571699631062,36.607577157211516,27.504037866418713,29.795095671908676,31.41695761404361,31.70127721685448,37.182903601833,34.326643248248246,29.31119779498805,29.762300883634442,37.463953600652765,42.1396260359174,41.77312061874947,40.665692501934096,33.827695033729306,36.69914681925156,41.694967851107904,34.83892606028941
14,11.999172168504094,9.026466182636995,8.149871085730107,8.25396791694855,9.418083478418842,12.778385814601203,6.542928571596303,16.331028466106215,14.7626991712798,5.407595682948957,9.357071916955803,4.459745092209052,8.16058052559698,7.430713828921908,0.0,14.048729220494451,9.507527048538499,6.530171432202857,14.585842571734837,7.002213657766226,9.733875737021211,9.734593173242668,12.632853611523014,7.706226591500572,6.070486582087855,15.71020909015124,12.67880949177004,6.918774529432452,11.87478595317861,11.888240681885023,7.413580096793411,9.239433085723832,8.883520606160292,12.450132308474787,16.487544433511875,11.497159505813654,14.81877214049592,10.526107494750669,16.629180619713285,27.003916444937804,14.910071614944266,17.07516858052541,13.294343817933479,15.012567377236122,19.905544991558834,13.178855690858502,15.09492832016522,14.82111017594651,20.515853257584133,19.544943227107524,20.564654043862575,17.42089389908378,30.967763001818824,21.94991846083884,24.520157818818543,20.279955892603642,21.60527791992864,36.567007115766025,19.34651659575336,23.7144702326778,20.812937822576657,29.37561598749127,23.038014776500535,27.113303148726775,24.21749990284667,32.07060035799574,33.965263372504324,30.282133303732657,28.380396786505816,32.29726556310603,26.04416754748348,27.446810824458783,28.77886508423023,28.72698672529239,33.29208708937697,32.69641410939806,28.665421787244128,28.423344216586127,34.45895627028691,39.04706252987549,38.596597258666726,37.09666616579648,32.01418070496203,34.37470622433207,38.737079332345246,33.74557477326231
15,12.980916401724805,13.474220601432084,11.62450156528992,10.188815321950038,9.153262595263632,10.023410503042028,16.35447931072795,10.504860258096006,8.06735182291993,12.423627636339376,10.186022965236551,16.93308341142511,10.164286376081892,7.565016638724998,14.048729220494451,0.0,14.820595827883169,19.91748041307052,22.841792887787644,8.629696875845655,8.449892606121375,22.483759253569357,25.64125753000599,19.561506629451777,14.650935967851696,6.526769148813502,24.30487570383332,15.372960625537532,7.485500411346509,24.797988793089665,14.681309436798877,13.540329690902402,19.638175577880006,12.590693009032087,9.961970571669697,22.61370248470389,12.353090313320193,16.542003404364607,26.957252522909663,18.701044193253857,21.65007673755506,28.230172870474195,21.260815268103695,16.060869038036383,13.38852996079656,16.45787380266847,22.597940639770346,22.6692492914895,31.06788631299745,28.802501928055943,29.60062000871852,25.770291937863387,42.321830544112,31.2154060405176,34.78811530923778,24.986873340066808,27.384684225994693,48.23948879782405,25.326043359005414,31.29188829754075,23.42568482131088,39.27823548914891,28.817882954549116,35.27399105957131,26.503543878048973,41.90403091138367,43.382884190042,39.51435988493498,32.42904163935679,41.931247305033224,30.44562692483476,33.417965178716315,35.454942476852175,35.73785632437933,42.17446271554899,37.98388937480123,31.21619956436839,32.423103175190434,41.90531752720729,47.05229124220368,46.58162671955192,45.453623870505204,36.95105122235514,40.40169468292399,46.189285670982464,37.247749975501684
16,10.252095842925275,11.042188590377037,12.116702889520976,11.701304230806107,9.023285903443535,9.64634596571962,14.338274014735923,17.538602517604893,18.38355591070454,13.25909785528191,6.819653116889263,13.017772300371638,8.245200350894613,9.999666980363195,9.507527048538499,14.820595827883169,0.0,12.805242106540858,9.64264768269962,9.727807671712608,13.077203652282067,17.091038193985884,19.49355177253471,15.329821843195894,13.112271299408393,18.603300831164205,11.90161890101494,8.132079277380129,13.9809450202207,17.23640601709866,11.08206947782875,15.040740386926963,14.610275964271802,17.748875357829306,18.096970453586447,13.578854022925752,17.594976498275905,12.239983868283796,22.608071082851236,21.425242276931264,20.678050456991368,21.292342239302247,14.43990754062726,15.35290599700041,19.726708678193695,13.079638753722861,18.15141309851959,18.162055894706867,21.415411345181962,23.14373776966124,20.949887860418265,18.017260532826455,34.3352179037105,24.4203787746059,27.174493059807176,18.05045871791872,23.79400997967357,37.59415864302162,22.009070652895506,24.428529539872834,23.449092383240345,31.41851913443224,26.519861556628708,27.606385339133016,23.582407713770678,33.56452797237782,34.42721213474118,31.55824070884214,26.74753033241537,33.04258574298896,26.914783238164976,28.795944902398073,28.59734575233304,30.385873053906508,35.02521675014914,31.086484420499918,29.775498045576793,29.00046596211983,33.95902701520409,38.72403225211377,38.715872008038616,37.29353863414866,33.02707547991077,34.32696597265839,39.0691990487909,33.80650916347624
17,15.753591214535122,13.00098322704478,12.453925828370323,13.622351818513708,15.15132715657254,18.39676479154378,10.188958002041117,21.09233704785926,20.68775136117572,10.682965462907095,14.68385597056485,6.7767072529537575,13.869216461447701,12.838421439187034,6.530171432202857,19.91748041307052,12.805242106540858,0.0,15.148966177148992,13.015927787303255,14.849056132655955,6.910571835583936,7.431802442801152,6.1953811793023315,7.698913711648071,20.66202010998778,9.421510601410969,8.025627692135567,17.06795163554993,7.848135172929081,10.126050072002087,12.129505993448102,7.845779167881083,15.867337448117954,20.206112576584463,8.624624402544777,17.827029578556715,10.85213573006954,12.221822345904085,31.10563083535334,13.1275031636843,12.003353333820305,11.562560244647077,16.937682141235527,23.66730042925888,14.840526355478831,13.318254007951767,13.12115475735029,15.995043078583816,15.24483973886055,16.54806013398746,14.950716616541031,25.01180134893019,17.612824517797872,19.279088260885764,19.21674810022818,19.343712415366728,30.688752162140357,17.45798616959845,20.05583179436855,20.503555004741543,24.256050991555608,20.87343408163964,22.88978709105293,23.5274436862331,26.782793689760137,28.914276105993206,25.590318854116397,26.703095078879134,27.391359076178418,24.11889847393404,24.638883828784646,25.53833605193934,25.254934677352825,28.471300749143445,29.855101618445005,27.48607507142774,26.435929523367193,30.539380494156866,34.455327781829794,34.069067622739134,32.58361421365723,29.26155977517147,31.10522090207277,34.47365023853122,31.795612385423947
18,16.411753544572502,15.904224797180621,18.290502168561435,18.462975617752928,16.230302190568224,16.023571935766203,17.242346054440798,22.91529344591767,24.64568478423485,18.446650994331637,13.448374066151478,15.812850957633442,13.86257721484132,18.032461727422703,14.585842571734837,22.841792887787644,9.64264768269962,15.148966177148992,0.0,16.946309949460705,18.437299501414884,17.81045596429666,19.948655713525067,16.858248297195676,18.7763127871181,26.395212487837796,10.000695978875436,13.380448263209109,21.476159841320708,17.053235165434028,15.338493744861527,20.959812209103283,16.37190352957713,24.242633445040166,25.922140166665702,14.31656590024756,25.262169139288456,17.138519940568383,24.85814926197212,26.68793065159596,25.145875975415915,21.755886388688893,17.670991998771882,21.11703735128114,26.61723511789297,17.639069786860546,21.09055400792678,20.96389940697227,19.404086485877688,24.786453643223748,21.4509616079563,19.108028161087567,33.361611487477695,25.261960209290336,26.993973396085117,19.720713908803916,27.328056173326473,34.00244161593695,24.660588547343153,25.79983242889715,27.889874558851623,31.065697502138807,29.8944349076414,27.858380515960665,27.410493835671144,32.218048299979934,33.214297711099654,31.084034449527227,28.963835723552293,31.24008832057212,29.70091066499929,30.810108289652977,28.947969065480994,31.543465687848958,34.377880215963586,31.692959313969382,33.29511543313865,31.2154278614329,33.29434541731707,37.80254859599737,37.8975369531842,35.96314052176658,34.84595898839698,34.91497051632551,38.928131188095946,36.001407131190795
19,12.83452365189107,11.415385107012279,10.126381995212405,8.654789026866764,7.993866796538183,9.681270175861002,10.480397334622813,14.607921824312958,11.148005385811684,7.631581905494142,7.896434247981955,10.265504252809466,6.739576751768703,5.581238242028733,7.002213657766226,8.629696875845655,9.727807671712608,13.015927787303255,16.946309949460705,0.0,7.234754645401592,15.34218618132065,18.691612592342196,12.804194846014655,8.469084401606015,10.602786829242651,17.045766276346736,8.956339704208503,6.077727462424222,16.80449087020033,7.130961098163599,8.005563001439302,12.325294347859304,9.5151570612053,12.142962033684588,14.922769948368002,11.383411425875982,10.991707200014158,20.628620919771137,21.9583914454247,16.74211757339243,21.294987380033223,14.964869556702043,12.165865537757496,14.512177854007378,11.284914759258509,16.29861228015682,16.112433149530116,24.10659339125282,22.70551135746222,23.38702568143596,19.11387289997357,35.746717789013,24.899872277377682,28.381575595855967,20.22419951379534,22.40062371133204,41.31362036787586,20.110356380058228,25.847305964402764,19.764553229813625,32.88641225545887,23.81918284641741,29.68937971982486,23.098976316464277,35.75022650404385,37.30587168383309,33.242779320636224,28.103702342867205,35.54829199008942,26.073611402542976,28.340762341414575,30.142516404899542,30.314428806255417,36.33842963428883,33.531911823742696,27.74973790865706,28.422101187056285,36.39972719596272,41.69242204713562,41.11803127514441,39.66935385418095,32.639611291449164,35.480830164486115,40.88392114128911,33.38090331195547
20,12.396096977849025,10.348885499117948,9.407092439631834,8.952607279879194,9.16139262704612,11.382080093980594,11.328959258888254,9.445963510358489,8.741703811254784,8.428335013209082,8.522617462549633,11.401891861992473,6.712615841504028,7.364051223385658,9.733875737021211,8.449892606121375,13.077203652282067,14.849056132655955,18.437299501414884,7.234754645401592,0.0,16.15476764184634,19.656082939096063,12.820434782562623,10.920393727962722,10.194333216143738,19.578450975334952,11.469559155098638,8.330043198526738,19.036785319106272,10.26367928269994,10.461397792571155,13.4498914978973,11.066555920262724,12.358330599689642,17.743477872186762,13.32765597929395,13.019163557979219,22.273122920060015,22.012176262056403,18.120410471606757,23.013112889870378,17.597834226260932,15.214031610888021,15.751582510066093,13.53905059252895,18.85833906608932,18.609451956499598,25.78203105533039,24.369302460158515,25.61259789563104,21.667814370318098,37.20520097915135,26.898110220021948,29.974110684212413,22.12376200042342,24.967404268664154,42.77460679110499,21.390521812523755,27.718857319136756,21.14856489202916,34.88976676183191,25.796760218973326,31.346850648752845,25.192772872685588,37.055172215068005,39.2181022906235,35.28074132357262,30.911415402766526,37.15765175666335,27.9843395092141,30.45511365936643,31.94853495324809,32.086884452716475,37.51869919180474,35.4298245825989,29.499914651915255,29.598932618689737,38.26868518108315,43.31482346211968,42.795565749732454,41.208955903928285,34.013328494997005,37.311777236613295,42.709010747528566,35.267198676544126
21,20.02478564909122,15.774894910316346,15.664691454506277,16.07996163181879,18.352874570559898,21.89900935271664,9.876711950897421,22.780511955538508,21.05978499172302,11.811076677624209,17.886413108468272,7.147988833673718,16.023732101489617,16.56393653695112,9.734593173242668,22.483759253569357,17.091038193985884,6.910571835583936,17.81045596429666,15.34218618132065,16.15476764184634,0.0,4.8279616650624435,3.9235216699201843,10.321827060911652,22.53921604149173,12.99209512974042,12.265910340736635,18.550459572677727,6.059493660254522,12.084923218355923,12.872958370479585,6.261819543179657,16.368485921590384,22.932828740397817,10.595244876336926,20.13239976869344,14.078110759506677,12.11249496709348,34.829486304696246,14.16019701103281,12.694981195268634,14.20059445938161,19.996153448230906,26.211966587825838,16.89145651674289,15.190529118478556,13.959803910974486,17.52674447747919,16.43080439076884,19.249206280164415,16.47402276847739,25.00957605943763,18.99262108477214,20.30516726400286,22.44351791452098,21.687371725204848,31.320516525487758,18.245287100979024,22.36654462126804,21.61833767804318,25.365828991121628,21.243012812187015,25.007556812641965,26.515753455809005,27.915798059399833,30.903726955631292,26.80539037279028,30.043343267453047,28.463163149076287,26.060130017996734,26.235276395636376,27.594316836268238,26.315242139433938,29.13761900010247,32.973325795323824,29.21384376623694,28.06523761963322,32.60623692980459,36.66155920042721,36.10983382476625,34.013127642015924,30.760212866155193,33.06850401401455,36.32892899041547,33.91212479262016
22,22.237223096087753,18.53384016876584,18.13910844758145,19.107634207166832,21.501540135917086,25.12924400100918,13.688806947316007,25.92893239142014,24.894130719432344,15.239678686637944,21.101813422802916,10.709497006032928,19.67166466231323,19.169155157428097,12.632853611523014,25.64125753000599,19.49355177253471,7.431802442801152,19.948655713525067,18.691612592342196,19.656082939096063,4.8279616650624435,0.0,7.231514590460211,12.11362218981336,25.301064227233347,13.074146357854472,13.965044724604596,21.73905210986483,6.165737259368535,14.833411994431714,15.374167005633844,8.956681659821749,18.87738245428165,24.935673253652965,10.985745998215663,21.85269224475212,15.22065135171483,9.38916705145867,37.33817013535273,13.52539867787523,10.011666280196682,14.324275382806396,21.484665794026043,28.457746499189824,18.832935649451244,15.06525145821698,14.103822869778774,15.7582639665729,14.001281860113327,17.36489502421397,16.143271633634782,20.866852200966886,16.591269223759255,17.04944890414996,22.57231591067207,20.441005854515335,27.789434928551863,17.834880223089833,20.378991437745643,21.84427477519681,22.0823151902605,20.15306043138154,22.573815106841284,26.2995195637315,24.61635534098054,27.730199930613832,23.967039446998353,29.193681182274656,25.646670249959577,25.10676698197843,24.665725243193844,25.94119087457911,24.329241548417713,26.138227182752775,31.375892419622055,28.60102338290303,27.124447865069193,30.3603751011821,33.73657021692932,33.232954977577215,31.331458805867815,29.13139952087075,31.15163172901936,33.56923782373115,32.77366096606851
23,17.931472073388363,13.984857461084063,13.55915912958116,14.191400131419122,16.189697601870076,19.47633734967897,8.78977184072935,19.966433852478755,18.642696101465972,9.80971080389868,15.495272394783719,5.87796773572648,13.610318515227053,13.88353007369715,7.706226591500572,19.561506629451777,15.329821843195894,6.1953811793023315,16.858248297195676,12.804194846014655,12.820434782562623,3.9235216699201843,7.231514590460211,0.0,7.93946710506348,19.492863525191833,12.79586723990871,9.904105616582408,15.869125047867911,7.5278973077699165,9.336264835053052,10.44808982780186,4.610192552168166,13.852757333254287,19.796840830207206,10.036221870261778,17.50069491138759,11.539832549144894,12.435421883266317,31.629308116811536,12.69490558222952,12.903839516763316,12.85734042589501,17.28628138820833,23.057727479016766,14.38133476319007,13.597001708885161,12.712299772302073,17.372173255715154,16.08420319373207,18.74133037753865,15.69145981156526,26.390249885992542,18.771781119282235,20.650645475485103,20.4558378588084,20.41889676859844,32.529659981991166,16.712053998783084,21.64216307090113,19.57974815193105,25.829848964234642,20.42125143976156,24.560915000979815,24.434655483625082,28.207112200918786,31.075394714971917,26.9995928212681,28.50850516898657,28.69565779295366,24.569639658063927,25.280177382139698,26.6518863345466,25.720885858340495,29.244822752892283,31.699511373486967,27.462011932997342,26.474901111691914,32.08688738131832,36.44053322250887,35.8250950256624,33.87125288691103,29.59176613078405,32.180716256994224,36.0136920286694,32.392169344343735
24,15.79075852530203,13.517756949454837,11.492075854625684,11.742415020479827,13.504577777600636,16.70546353347542,10.781183848249755,18.40090760770273,16.20190546141082,8.617289329894202,13.479745768589929,8.433533640419222,12.338125591571622,9.053984619588064,6.070486582087855,14.650935967851696,13.112271299408393,7.698913711648071,18.7763127871181,8.469084401606015,10.920393727962722,10.321827060911652,12.11362218981336,7.93946710506348,0.0,13.772385018660254,14.329600652337716,6.769824329555211,10.579518361508367,11.542084097821965,6.675483527708401,4.965622171638641,7.673811776180821,8.376383047960969,13.311842469429001,10.670827782368335,10.486164832313639,7.331872165631222,12.584041455271672,27.208589209719165,9.164150698693454,14.254738508043436,10.332223832164576,11.774017259327051,17.18381272131559,10.757201865896857,11.022790640159373,10.746819718710386,19.087502215346674,15.527852963955196,18.00871035760379,14.810350878674353,28.291352857730963,18.378606162418546,21.44836169776279,18.06613754033952,16.811261652334384,35.24470786197134,14.745260465401639,20.13889236783237,15.544549083346068,26.189446640443023,17.753443110509814,23.897170091291,20.173118210515614,29.25769785870629,31.32185000024191,27.08959480253832,25.100665200368525,29.722887039645325,21.509572803223055,23.016903387532142,25.416768158335284,24.485982671315547,29.819954209225777,29.627788492992824,23.746271752637533,24.00576786862028,31.43602783189386,36.09145755951824,35.452093483118844,34.09579031482445,27.46536490664125,30.60778958936208,35.167462445617126,29.406474197293065
