university_name,teaching,research,citations,income,international
University of Oxford,24.860350363710047,26.522138554143364,35.593289917090985,4.741691345858811,8.68592096572678
California Institute of Technology,26.560673491410626,26.88667669470189,34.78182933571421,3.737557501136081,8.013101147268458
University of Cambridge,22.85668503784901,26.05685267376557,36.01278833882152,6.349935547588586,10.002750819040273
Stanford University,23.113033383219587,27.02467364444346,35.732836082558066,5.718596565941283,9.262899942138404
Massachusetts Institute of Technology,26.56125785792402,29.293530586308286,33.33756447714728,3.241318575644005,7.275007730150065
Princeton University,22.71855972842446,25.97364471991557,36.022686135355144,6.508522750853695,10.154885901631246
Harvard University,23.234657523645538,25.168919193395595,26.912322596584886,13.435341209883319,18.88349027356466
Yale University,25.688129942172395,25.72945186565906,24.4187623627231,12.953438078139556,19.098752187309884
The University of Chicago,19.529697847661282,27.328086843075326,34.15550526973908,9.59253012647014,12.782935356152052
Imperial College London,26.01270016069904,30.396868413279428,32.769877913586704,3.3862319924195106,7.20685262131434
University of Pennsylvania,27.989436234511487,28.126721384097436,33.257965499001926,2.912237205890335,7.42047617107653
Johns Hopkins University,30.856118188055973,27.13666284354069,31.486790634449562,2.5718570597769883,8.033498513827624
University of California,29.324494670329585,30.466809895648794,30.21744752966717,2.5768429253200793,7.338930568418078
ETH Zurich,30.000000000000455,29.99999999999909,30.0,2.5,7.500000000000114
UCL,29.999999999998636,30.000000000004547,29.999999999998636,2.5000000000001705,7.499999999999773
Columbia University,29.999999999999773,29.999999999999545,30.00000000000182,2.4999999999998863,7.499999999999432
University of California,29.999999999998636,30.0,30.00000000000091,2.4999999999997726,7.499999999999545
University of Toronto,30.0,30.000000000000227,30.000000000000455,2.4999999999997726,7.499999999999773
Cornell University,30.0,30.0,29.999999999998522,2.5000000000002274,7.500000000000199
Duke University,29.999999999999773,30.000000000000227,29.999999999999545,2.5,7.500000000000085
University of Michigan-Ann Arbor,30.000000000000682,30.000000000000227,29.99999999999909,2.5000000000002274,7.500000000000199
Northwestern University,29.999999999999318,30.000000000000682,30.00000000000057,2.4999999999997726,7.499999999999943
Tsinghua University,29.999999999999545,30.00000000000091,29.999999999999986,2.5,7.499999999999773
Peking University,29.99999999999909,30.00000000000159,29.999999999999773,2.499999999999943,7.499999999999886
National University of Singapore,29.99999999999909,30.00000000000091,30.00000000000017,2.4999999999998295,7.499999999999716
University of Washington,30.000000000000227,30.0,29.999999999999773,2.5,7.499999999999986
Carnegie Mellon University,29.999999999999943,30.000000000000455,29.999999999999318,2.5000000000000853,7.500000000000057
London School of Economics and Political Science,29.999999999999318,30.0,30.000000000001364,2.4999999999995453,7.499999999999545
New York University,29.999999999999773,30.000000000000313,29.99999999999966,2.4999999999999147,7.499999999999943
University of Edinburgh,29.999999999999773,30.0000000000002,30.0,2.4999999999998295,7.5
University of California,30.0,30.00000000000091,30.0,2.500000000007276,7.500000000003638
LMU Munich,29.999999999999943,30.0,30.0000000000002,2.499999999999865,7.499999999999872
University of Melbourne,29.999999999999773,30.0,30.000000000000313,2.49999999999984,7.499999999999886
University of British Columbia,29.999999999999886,30.000000000000227,30.000000000000227,2.4999999999998295,7.49999999999973
University of Hong Kong,30.0,29.999999999999773,30.000000000000085,2.5,7.5
King’s College London,30.000000000000227,29.999999999999943,29.999999999999886,2.5000000000000853,7.499999999999986
The University of Tokyo,30.000000000000227,29.999999999999545,30.000000000000043,2.500000000000014,7.499999999999844
École Polytechnique Fédérale de Lausanne,29.999999999999915,30.000000000000227,30.0,2.4999999999999787,7.4999999999999645
Georgia Institute of Technology,29.999999999999858,30.000000000000057,29.999999999999886,2.500000000000057,7.500000000000043
University of Texas at Austin,30.000000000000114,30.0,30.000000000000114,2.4999999999999574,7.500000000000007
Karolinska Institute,30.000000000000057,30.000000000000114,29.999999999999886,2.5,7.499999999999986
McGill University,30.000000000000114,30.0,30.0,2.5000000000000995,7.500000000000028
Technical University of Munich,30.000000000000227,29.999999999999886,30.0,2.4999999999999645,7.499999999999986
Heidelberg University,29.999999999999886,30.0000000000002,30.000000000000114,2.4999999999998863,7.499999999999929
KU Leuven,29.999999999999886,30.000000000000114,30.000000000000156,2.4999999999999005,7.499999999999957
Paris Sciences et Lettres – PSL Research University Paris,30.000000000000284,29.999999999999773,30.000000000000057,2.5000000000000355,7.5
The Hong Kong University of Science and Technology,29.999999999999943,30.000000000000114,29.999999999999602,2.500000000000128,7.500000000000124
University of Illinois at Urbana-Champaign,30.000000000000114,29.99999999999966,29.999999999999886,2.5000000000001137,7.500000000000114
Nanyang Technological University,30.000000000000114,30.0,30.00000000000007,2.5,7.499999999999986
Australian National University,29.99999999999983,30.0,30.000000000000284,2.499999999999943,7.499999999999915
University of Wisconsin-Madison,30.00000000000034,29.999999999999886,30.000000000000114,2.5000000000000426,7.499999999999943
Washington University in St Louis,29.999999999999886,30.00000000000034,30.000000000000256,2.5,7.4999999999998295
Brown University,30.000000000000114,30.0,29.999999999999943,2.5,7.499999999999943
University of North Carolina at Chapel Hill,30.00000000000017,29.999999999999545,29.999999999999915,2.5000000000000853,7.500000000000071
University of California,34.86982558635549,25.3441733627468,26.62495392249795,5.085987646369837,9.99169477673749
University of Manchester,30.000000000000256,29.999999999999943,30.000000000000114,2.5000000000000853,7.5
University of California,29.999999999999773,30.000000000000114,30.000000000000114,2.4999999999998295,7.499999999999986
Chinese University of Hong Kong,30.000000000000057,29.999999999999886,30.000000000000057,2.5000000000000284,7.499999999999972
Wageningen University & Research,29.999999999999943,30.0,30.000000000000057,2.5000000000000284,7.500000000000028
University of Sydney,30.0,30.0,29.999999999999886,2.4999999999999716,7.5
Boston University,30.000000000000114,29.99999999999983,29.99999999999997,2.5000000000000284,7.500000000000028
University of Amsterdam,30.000000000000142,29.999999999999915,29.999999999999915,2.5000000000000284,7.500000000000057
University of Southern California,29.999999999999858,30.000000000000185,30.000000000000057,2.4999999999999716,7.500000000000057
Seoul National University,30.000000000000085,30.00000000000005,29.999999999999943,2.4999999999999787,7.500000000000028
Kyoto University,29.999999999999915,30.000000000000057,30.000000000000057,2.4999999999999005,7.500000000000085
The University of Queensland,30.0,30.000000000000014,30.000000000000057,2.4999999999999716,7.499999999999943
Delft University of Technology,30.000000000000014,30.0,29.999999999999986,2.5000000000000497,7.499999999999943
Leiden University,29.999999999999943,30.0,29.999999999999943,2.500000000000142,7.5
Erasmus University Rotterdam,29.99999999999997,29.99999999999993,29.999999999999915,2.5000000000000995,7.500000000000028
Ohio State University (Main campus),30.0,30.000000000000085,29.999999999999943,2.499999999999943,7.5
UNSW Sydney,30.000000000000057,30.00000000000003,30.000000000000057,2.500000000000057,7.499999999999915
McMaster University,30.000000000000057,30.000000000000057,29.999999999999943,2.5000000000000284,7.5
University of Groningen,30.000000000000114,30.0,30.000000000000114,2.5000000000000284,7.499999999999943
Humboldt University of Berlin,30.000000000000057,29.9999999999998,29.999999999999943,2.5,7.500000000000028
Monash University,29.999999999999943,30.000000000000114,29.999999999999943,2.499999999999943,7.4999999999999645
Utrecht University,30.000000000000057,29.999999999999986,30.000000000000043,2.4999999999999147,7.500000000000007
University of Warwick,29.999999999999574,30.000000000000227,30.000000000000142,2.4999999999998295,7.499999999999986
Penn State (Main campus),30.000000000000092,29.999999999999872,29.999999999999986,2.499999999999943,7.499999999999957
University of Minnesota,30.000000000000014,29.999999999999943,30.000000000000057,2.5000000000000853,7.499999999999972
Charité - Universitätsmedizin Berlin,29.9999999999999,30.00000000000007,29.99999999999995,2.500000000000071,7.500000000000043
Emory University,30.000000000000036,30.000000000000057,30.0,2.5000000000000426,7.499999999999915
University of Science and Technology of China,29.99999999999983,30.00000000000017,30.000000000000043,2.4999999999999716,7.499999999999972
Sorbonne University,30.000000000000156,29.999999999999915,29.999999999999957,2.500000000000064,7.5
Michigan State University,29.999999999999773,30.000000000000114,30.000000000000025,2.4999999999999574,7.499999999999972
University of Montreal,30.000000000000057,30.00000000000005,29.999999999999872,2.500000000000014,7.499999999999957
University of Freiburg,30.000000000000057,29.99999999999998,29.999999999999964,2.4999999999999716,7.500000000000014
University of Bristol,30.000000000000114,29.999999999999986,29.99999999999995,2.499999999999993,7.500000000000028
Purdue University West Lafayette,30.00000000000003,30.000000000000085,30.000000000000014,2.5,7.500000000000014
Sungkyunkwan University (SKKU),29.99999999999997,29.999999999999943,29.999999999999957,2.5,7.500000000000043
University of Zurich,30.00000000000034,29.999999999999915,29.99999999999985,2.500000000000142,7.5
University of Maryland,29.999999999999943,30.0,30.00000000000003,2.5000000000000284,7.499999999999929
University of Tübingen,30.0000000000002,29.999999999999943,29.999999999999858,2.500000000000014,7.499999999999972
École Polytechnique,29.99999999999988,30.000000000000057,29.99999999999997,2.4999999999999716,7.499999999999986
University of Basel,29.99999999999976,30.000000000000114,30.00000000000003,2.499999999999986,7.499999999999972
Dartmouth College,29.99999999999997,29.999999999999943,29.999999999999986,2.5000000000000284,7.499999999999943
University of California,30.000000000000114,29.999999999999986,29.99999999999997,2.499999999999993,7.5
University of Helsinki,29.999999999999986,30.000000000000014,30.000000000000064,2.5000000000000426,7.499999999999972
Lund University,30.0000000000002,29.999999999999787,29.99999999999993,2.500000000000103,7.500000000000028
University of Glasgow,30.0,30.00000000000003,29.999999999999957,2.499999999999929,7.500000000000014
RWTH Aachen University,29.99999999999997,29.999999999999943,30.000000000000092,2.499999999999986,7.499999999999872
University of Copenhagen,30.000000000000256,29.999999999999872,29.999999999999872,2.500000000000121,7.500000000000136
Georgetown University,29.999999999999986,29.999999999999986,29.99999999999997,2.5000000000000213,7.500000000000028
Uppsala University,29.999999999999943,30.000000000000114,30.0,2.499999999999993,7.5
University of Arizona,29.999999999999957,29.99999999999997,29.99999999999997,2.500000000000064,7.500000000000057
University of Bonn,30.000000000000057,29.999999999999886,29.999999999999858,2.500000000000057,7.500000000000156
Rice University,30.000000000000114,29.999999999999886,29.999999999999957,2.5000000000000924,7.5000000000000355
University of Virginia (Main campus),30.000000000000085,29.999999999999886,29.99999999999989,2.5000000000000178,7.500000000000043
Zhejiang University,30.000000000000057,30.00000000000017,30.000000000000007,2.4999999999999574,7.5
Fudan University,29.99999999999997,29.99999999999997,29.9999999999999,2.5000000000000355,7.500000000000043
Korea Advanced Institute of Science and Technology (KAIST),29.999999999999943,29.99999999999997,29.999999999999943,2.4999999999999787,7.499999999999986
Queen Mary University of London,30.0,29.999999999999943,30.000000000000057,2.4999999999999716,7.499999999999943
University of Birmingham,30.000000000000114,29.99999999999997,29.99999999999997,2.5000000000000426,7.500000000000043
University of Bern,30.000000000000057,30.00000000000017,29.999999999999915,2.499999999999943,7.500000000000114
University of Pittsburgh-Pittsburgh campus,30.0,30.00000000000007,29.999999999999915,2.500000000000046,7.500000000000007
Aarhus University,30.00000000000017,29.99999999999976,30.000000000000114,2.5000000000000853,7.499999999999943
Vanderbilt University,30.000000000000057,29.999999999999943,29.999999999999858,2.5000000000000284,7.50000000000011
Free University of Berlin,30.0,29.999999999999943,29.999999999999943,2.5000000000000355,7.500000000000043
University of Sheffield,30.000000000000057,29.999999999999844,30.0,2.5000000000000426,7.500000000000071
Case Western Reserve University,30.000000000000114,29.999999999999957,29.999999999999943,2.5000000000000533,7.500000000000011
University of Adelaide,30.0,30.000000000000114,29.999999999999943,2.499999999999986,7.5000000000000355
National Taiwan University (NTU),30.0,30.00000000000003,29.99999999999997,2.5000000000000213,7.500000000000043
University of Southampton,30.0,30.0,29.999999999999986,2.5000000000000355,7.5000000000000355
Ghent University,29.999999999999943,30.00000000000003,29.999999999999936,2.500000000000078,7.500000000000085
University of Colorado Boulder,30.0,29.99999999999997,29.999999999999957,2.5,7.499999999999986
University of Göttingen,29.999999999999943,30.000000000000057,30.000000000000007,2.4999999999999716,7.5
City University of Hong Kong,30.0,30.000000000000057,30.00000000000004,2.5000000000000284,7.499999999999979
Maastricht University,30.000000000000085,29.999999999999943,29.99999999999999,2.500000000000078,7.499999999999961
Radboud University Nijmegen,29.99999999999997,29.99999999999997,29.99999999999998,2.499999999999986,7.500000000000014
University of York,30.00000000000003,29.999999999999886,30.000000000000043,2.5000000000000355,7.5
University of Paris,30.0,30.000000000000057,29.99999999999993,2.5,7.500000000000014
University of Oslo,29.99999999999997,29.999999999999886,29.999999999999957,2.5000000000000853,7.500000000000057
The University of Western Australia,29.999999999999986,29.999999999999858,29.99999999999997,2.5000000000000213,7.5
Durham University,30.00000000000003,29.999999999999844,30.000000000000014,2.5000000000000284,7.499999999999957
Indiana University,29.999999999999858,30.000000000000085,29.999999999999957,2.500000000000014,7.499999999999986
University of Vienna,29.99999999999997,29.99999999999997,30.000000000000007,2.499999999999993,7.5
University of Alberta,29.999999999999943,29.99999999999997,30.000000000000004,2.499999999999986,7.500000000000014
University of Cape Town,30.0,29.999999999999943,30.0,2.5000000000000284,7.499999999999986
Vrije Universiteit Amsterdam,30.000000000000043,29.999999999999915,29.999999999999993,2.5,7.500000000000014
Lancaster University,30.00000000000003,29.999999999999716,30.00000000000003,2.500000000000039,7.5000000000000355
Tufts University,30.000000000000085,29.9999999999998,30.0,2.4999999999999964,7.500000000000025
University of Ottawa,30.0000000000002,29.999999999999915,29.999999999999957,2.499999999999993,7.500000000000011
Ulm University,30.000000000000114,29.999999999999886,30.000000000000007,2.5000000000000178,7.499999999999979
Pompeu Fabra University,30.000000000000114,29.999999999999957,30.0,2.500000000000025,7.5
University of Geneva,30.000000000000114,29.999999999999773,29.999999999999986,2.5000000000000497,7.500000000000014
Nanjing University,29.999999999999915,29.99999999999983,29.999999999999986,2.4999999999999893,7.499999999999982
University of Exeter,30.000000000000114,29.99999999999997,30.00000000000002,2.500000000000007,7.500000000000014
Pohang University of Science and Technology (POSTECH),30.000000000000114,29.999999999999858,30.000000000000007,2.499999999999986,7.500000000000011
University of Sussex,30.000000000000057,29.999999999999886,29.999999999999993,2.499999999999984,7.500000000000021
University of Hamburg,29.999999999999943,29.999999999999986,30.000000000000036,2.4999999999999982,7.500000000000028
Sant’Anna School of Advanced Studies – Pisa,30.000000000000057,29.99999999999997,29.999999999999954,2.4999999999999822,7.499999999999989
Technical University of Berlin,30.000000000000142,29.999999999999858,29.999999999999964,2.49999999999997,7.500000000000028
Université Catholique de Louvain,30.000000000000085,30.000000000000014,29.99999999999997,2.499999999999986,7.500000000000021
University of Nottingham,30.000000000000085,29.999999999999787,29.999999999999943,2.5,7.500000000000014
Scuola Normale Superiore di Pisa,30.00000000000017,30.0,29.999999999999986,2.4999999999999716,7.499999999999986
Arizona State University (Tempe),30.000000000000014,29.99999999999997,29.999999999999943,2.4999999999998934,7.500000000000039
University of Leeds,29.999999999999986,30.0,30.0,2.5,7.499999999999993
Autonomous University of Barcelona,30.00000000000003,29.999999999999943,30.000000000000014,2.5000000000000746,7.4999999999999645
University of Cologne,30.0,29.99999999999983,30.000000000000043,2.4999999999998863,7.500000000000057
University of Mannheim,29.999999999999872,29.999999999999858,30.00000000000007,2.4999999999999005,7.500000000000096
University of Notre Dame,30.000000000000085,30.0,30.0,2.500000000000032,7.499999999999915
Shanghai Jiao Tong University,30.00000000000007,29.99999999999997,30.000000000000007,2.500000000000014,7.5
TU Dresden,30.00000000000003,29.99999999999997,30.000000000000014,2.5000000000000178,7.500000000000007
University of Würzburg,30.0,30.00000000000003,29.999999999999957,2.5000000000000853,7.499999999999979
Trinity College Dublin,30.000000000000014,29.999999999999886,29.999999999999957,2.500000000000014,7.499999999999979
University of Liverpool,30.00000000000003,29.9999999999998,30.000000000000085,2.5,7.499999999999982
Bielefeld University,30.000000000000057,30.000000000000227,29.99999999999997,2.5,7.499999999999972
University of Leicester,30.000000000000043,29.999999999999858,29.999999999999957,2.4999999999999645,7.5
University of Aberdeen,30.000000000000085,30.000000000000036,29.999999999999915,2.4999999999999574,7.499999999999915
University of Bologna,30.000000000000142,29.9999999999998,30.0,2.500000000000032,7.500000000000021
Rutgers,30.0,29.999999999999986,30.0,2.4999999999999964,7.500000000000012
Hong Kong Polytechnic University,30.000000000000142,29.999999999999915,30.0,2.5000000000000426,7.500000000000007
University of Alabama at Birmingham,30.0000000000002,29.99999999999983,29.999999999999943,2.4999999999999574,7.500000000000021
Northeastern University,30.000000000000114,29.99999999999997,29.999999999999943,2.499999999999929,7.500000000000021
University of Rochester,30.000000000000114,29.99999999999997,30.0,2.499999999999961,7.500000000000021
University of Florida,30.000000000000014,30.000000000000043,30.0,2.5000000000000284,7.500000000000028
Karlsruhe Institute of Technology,30.000000000000142,29.999999999999886,29.999999999999986,2.5,7.5000000000000355
Stockholm University,30.000000000000085,29.999999999999915,30.000000000000014,2.4999999999999716,7.500000000000014
Texas A&M University,30.000000000000057,29.9999999999999,29.99999999999997,2.499999999999936,7.500000000000043
University of Auckland,30.000000000000014,29.999999999999773,30.000000000000014,2.4999999999999574,7.500000000000064
University of California,29.99999999999997,29.999999999999943,29.999999999999986,2.499999999999936,7.500000000000057
Korea University,30.0,30.0,30.000000000000014,2.500000000000014,7.500000000000028
Queensland University of Technology,30.000000000000014,29.99999999999997,30.0,2.4999999999999716,7.50000000000005
University of Erlangen-Nuremberg,30.0,30.000000000000057,29.999999999999957,2.5,7.5
Aalto University,30.000000000000057,30.0,30.000000000000014,2.4999999999999787,7.500000000000085
Technical University of Denmark,30.0,30.000000000000114,30.0,2.500000000000071,7.499999999999886
Eindhoven University of Technology,29.999999999999943,29.999999999999886,29.999999999999986,2.4999999999999645,7.500000000000142
University of Gothenburg,29.999999999999986,29.999999999999943,29.999999999999957,2.500000000000014,7.500000000000043
Télécom Paris,29.999999999999943,29.999999999999943,29.999999999999915,2.499999999999993,7.499999999999915
Lomonosov Moscow State University,30.0,29.999999999999886,30.000000000000036,2.499999999999993,7.500000000000057
University of Münster,30.00000000000003,30.000000000000085,29.999999999999957,2.4999999999999716,7.499999999999993
Tel Aviv University,30.000000000000085,30.000000000000043,29.99999999999997,2.500000000000007,7.499999999999964
University of East Anglia,30.000000000000057,29.999999999999943,29.999999999999957,2.500000000000121,7.499999999999972
University of Canberra,30.0,30.0,30.0,2.5,7.5
University of Duisburg-Essen,30.0,29.999999999999886,30.00000000000003,2.4999999999999716,7.500000000000114
University of Technology Sydney,30.000000000000114,30.0,30.000000000000014,2.4999999999999645,7.5
University of the Witwatersrand,30.000000000000057,29.999999999999773,29.999999999999957,2.5000000000000284,7.5000000000001705
Yonsei University (Seoul campus),29.999999999999886,30.000000000000057,30.00000000000003,2.5,7.500000000000028
University of Antwerp,30.0,29.99999999999983,29.99999999999997,2.5000000000000426,7.500000000000057
Cardiff University,30.000000000000114,29.999999999999886,29.999999999999986,2.4999999999999716,7.5
George Washington University,30.000000000000057,29.999999999999886,29.99999999999997,2.5000000000000213,7.500000000000057
University of Lausanne,30.000000000000114,30.0,29.999999999999986,2.5000000000000497,7.499999999999943
University of St Andrews,30.00000000000017,29.999999999999943,29.99999999999993,2.5000000000000284,7.499999999999943
Aalborg University,29.999999999999872,30.00000000000003,30.00000000000002,2.499999999999986,7.5
University of Barcelona,30.0,30.00000000000017,30.0,2.500000000000128,7.499999999999986
University of Bergen,29.99999999999997,30.000000000000114,30.000000000000036,2.4999999999999645,7.499999999999915
Brandeis University,30.00000000000007,29.999999999999886,29.999999999999982,2.500000000000057,7.500000000000071
University of Calgary,29.999999999999943,29.999999999999773,29.999999999999964,2.5000000000000355,7.500000000000043
Copenhagen Business School,29.99999999999983,29.99999999999993,30.00000000000002,2.5000000000001137,7.499999999999972
University of Dundee,30.000000000000114,30.0,29.999999999999943,2.500000000000142,7.499999999999943
École Normale Supérieure de Lyon,30.000000000000085,29.999999999999943,29.999999999999986,2.4999999999999574,7.5000000000000995
Griffith University,30.0,29.99999999999997,30.000000000000004,2.4999999999999716,7.500000000000043
University of Hawai’i at Mānoa,30.000000000000114,30.000000000000114,29.99999999999997,2.5,7.499999999999858
Hebrew University of Jerusalem,29.999999999999716,30.000000000000114,30.0,2.5000000000000995,7.499999999999972
University of Hohenheim,30.0,30.00000000000017,29.999999999999936,2.5000000000000995,7.499999999999915
Howard University,30.0,30.00000000000007,29.999999999999986,2.499999999999943,7.499999999999922
University of Iowa,30.000000000000114,29.999999999999773,30.0,2.5000000000000284,7.500000000000085
James Cook University,30.00000000000003,30.0,30.000000000000014,2.4999999999999716,7.499999999999986
King Abdulaziz University,30.000000000000114,29.999999999999773,30.000000000000064,2.5,7.500000000000071
University of Konstanz,30.000000000000057,30.000000000000057,29.999999999999957,2.5000000000000284,7.499999999999915
KTH Royal Institute of Technology,29.999999999999858,30.000000000000227,29.999999999999986,2.500000000000199,7.499999999999801
Université Libre de Bruxelles,30.000000000000057,29.999999999999773,29.999999999999957,2.5000000000001137,7.500000000000057
University of Luxembourg,30.0,30.000000000000057,30.0,2.5000000000000426,7.499999999999986
Macquarie University,29.99999999999997,30.000000000000085,30.0,2.500000000000014,7.499999999999908
University of Massachusetts,29.999999999999943,30.000000000000114,30.0,2.500000000000128,7.499999999999972
Medical University of Graz,29.999999999999943,29.999999999999886,29.999999999999986,2.500000000000071,7.500000000000114
Medical University of Vienna,30.000000000000057,30.000000000000057,30.000000000000064,2.4999999999999574,7.500000000000014
University of Miami,30.0,30.000000000000227,30.00000000000003,2.5000000000000284,7.499999999999915
Moscow Institute of Physics and Technology (MIPT),30.0,30.000000000000142,29.99999999999997,2.500000000000007,7.4999999999998295
Newcastle University,30.000000000000057,30.000000000000227,29.99999999999997,2.500000000000014,7.499999999999943
University of Otago,30.000000000000142,30.000000000000114,30.0,2.4999999999999574,7.499999999999972
University of Padua,30.000000000000057,30.000000000000057,29.999999999999986,2.5000000000000284,7.499999999999943
Paris-Sud University,30.0,30.0,29.999999999999986,2.500000000000057,7.5
Queen’s University Belfast,30.000000000000114,29.999999999999886,30.0,2.5000000000000284,7.500000000000028
RCSI University of Medicine and Health Sciences,29.999999999999886,30.00000000000017,29.99999999999998,2.500000000000121,7.499999999999886
University of Reading,29.999999999999943,30.000000000000057,30.000000000000043,2.500000000000071,7.499999999999915
St George’s,29.99999999999997,29.99999999999997,29.99999999999995,2.5000000000000853,7.500000000000128
University of South Florida (Tampa),30.000000000000057,30.0,29.999999999999986,2.499999999999943,7.499999999999972
Tilburg University,29.999999999999943,29.999999999999943,29.99999999999997,2.5000000000001705,7.499999999999915
University of Twente,29.99999999999993,30.0,30.00000000000002,2.5000000000000355,7.499999999999957
Ulsan National Institute of Science and Technology (UNIST),29.999999999999957,29.999999999999915,29.99999999999997,2.500000000000014,7.500000000000028
University College Dublin,30.00000000000003,30.000000000000043,29.999999999999954,2.500000000000142,7.499999999999957
University of Utah,30.000000000000085,30.00000000000003,30.000000000000043,2.499999999999858,7.500000000000039
Virginia Polytechnic Institute and State University,29.999999999999986,30.00000000000003,29.999999999999957,2.5,7.499999999999986
Vita-Salute San Raffaele University,29.999999999999943,29.999999999999886,30.000000000000014,2.500000000000128,7.500000000000057
Vrije Universiteit Brussel,30.000000000000128,29.999999999999964,29.999999999999943,2.5000000000000497,7.5
Wake Forest University,29.999999999999936,30.000000000000114,30.00000000000003,2.500000000000057,7.4999999999999645
University of Waterloo,29.99999999999997,29.99999999999997,29.999999999999996,2.5000000000001137,7.5
Western University,29.99999999999997,29.999999999999858,29.999999999999986,2.5000000000000426,7.500000000000085
William & Mary,30.000000000000057,29.999999999999957,30.00000000000003,2.499999999999943,7.500000000000021
University of Wollongong,30.0000000000001,30.000000000000007,29.99999999999996,2.499999999999943,7.499999999999986
Alfaisal University,29.999999999999943,29.999999999999915,30.000000000000014,2.500000000000071,7.499999999999986
Auckland University of Technology,30.00000000000017,29.999999999999943,29.999999999999957,2.5,7.500000000000071
Autonomous University of Madrid,29.999999999999943,30.00000000000003,30.00000000000003,2.499999999999986,7.499999999999972
University of Bath,30.000000000000114,30.0,29.99999999999993,2.500000000000032,7.500000000000043
Brighton and Sussex Medical School,29.999999999999943,30.0,29.999999999999964,2.5000000000000213,7.499999999999957
University at Buffalo,30.0000000000001,29.99999999999997,29.999999999999943,2.5000000000000355,7.5000000000000355
University of California,30.000000000000156,29.999999999999943,29.999999999999975,2.4999999999999147,7.500000000000028
Chalmers University of Technology,30.0,29.999999999999943,29.99999999999995,2.500000000000014,7.500000000000071
University of Cincinnati,30.000000000000114,29.999999999999915,29.999999999999915,2.5,7.500000000000057
Curtin University,30.000000000000057,29.999999999999943,29.999999999999964,2.500000000000014,7.500000000000046
Dalhousie University,29.999999999999773,30.000000000000114,30.00000000000003,2.5,7.499999999999993
University of Delaware,30.0,29.999999999999943,30.000000000000036,2.5000000000000284,7.499999999999973
École des Ponts ParisTech,29.99999999999993,30.00000000000007,29.999999999999993,2.4999999999999005,7.500000000000064
University of Essex,29.999999999999943,30.0,30.000000000000007,2.5000000000000284,7.5
Flinders University,29.999999999999943,30.000000000000057,30.00000000000007,2.500000000000025,7.499999999999943
Florida State University,29.999999999999943,30.0,30.0,2.499999999999986,7.5
George Mason University,30.0,30.000000000000114,29.999999999999943,2.499999999999993,7.5
Heriot-Watt University,29.9999999999998,30.000000000000114,30.000000000000007,2.5000000000000426,7.499999999999982
HSE University,30.0,30.0,30.0,2.500000000000007,7.499999999999972
University of Illinois at Chicago,29.999999999999886,30.000000000000057,30.000000000000043,2.5000000000000213,7.499999999999986
University of Kiel,30.000000000000057,30.000000000000057,29.99999999999997,2.5000000000000355,7.500000000000085
La Trobe University,29.99999999999983,30.000000000000114,30.000000000000064,2.500000000000007,7.499999999999957
Université Laval,29.99999999999983,29.999999999999943,30.000000000000036,2.499999999999986,7.5000000000000355
Macau University of Science and Technology,29.99999999999997,30.000000000000057,30.00000000000007,2.499999999999943,7.499999999999876
Medical University of Innsbruck,29.999999999999943,30.000000000000156,30.000000000000007,2.4999999999999716,7.5
National University of Ireland,30.0,30.0,30.000000000000036,2.4999999999999787,7.499999999999989
University of Navarra,30.00000000000017,29.9999999999998,30.00000000000003,2.500000000000057,7.5
University of Oregon,30.000000000000227,29.99999999999983,29.999999999999943,2.500000000000014,7.500000000000028
Oregon Health and Science University,30.000000000000114,29.99999999999983,29.99999999999997,2.5000000000000284,7.500000000000057
University of Oulu,30.0,30.0,29.999999999999986,2.499999999999968,7.5
University of Passau,30.000000000000114,29.999999999999915,29.999999999999986,2.5,7.499999999999979
University of Potsdam,30.000000000000114,29.999999999999943,29.999999999999957,2.4999999999999787,7.500000000000014
Queen’s University,30.00000000000003,30.0,30.0,2.5000000000000284,7.4999999999999645
Royal Holloway,29.999999999999858,30.000000000000114,29.999999999999993,2.5000000000000107,7.499999999999979
Ruhr University Bochum,29.99999999999983,30.000000000000057,30.00000000000003,2.499999999999993,7.499999999999986
University of São Paulo,30.0,30.00000000000017,29.999999999999993,2.5000000000000426,7.499999999999986
Sapienza University of Rome,30.000000000000057,29.9999999999998,29.99999999999995,2.500000000000014,7.499999999999993
Simon Fraser University,29.999999999999886,29.999999999999943,30.000000000000043,2.5000000000000426,7.499999999999972
University of South Australia,30.000000000000085,30.0,29.99999999999998,2.500000000000014,7.500000000000028
University of Southern Denmark,30.0,30.000000000000114,29.999999999999915,2.500000000000007,7.500000000000085
Stellenbosch University,30.0,30.0,29.999999999999986,2.499999999999986,7.499999999999982
University of Stuttgart,30.000000000000057,30.000000000000057,30.000000000000032,2.500000000000014,7.499999999999989
Sun Yat-sen University,29.999999999999886,30.000000000000057,30.00000000000002,2.5000000000000284,7.499999999999954
University of Surrey,30.00000000000017,29.999999999999915,29.99999999999995,2.500000000000057,7.500000000000007
Swansea University,30.000000000000057,30.000000000000114,29.99999999999997,2.4999999999999787,7.500000000000085
Syracuse University,29.999999999999886,30.000000000000057,29.999999999999986,2.5000000000000284,7.500000000000025
Tampere University,30.00000000000017,29.999999999999858,29.99999999999997,2.5,7.500000000000057
Technical University of Darmstadt,29.999999999999886,30.000000000000114,30.00000000000002,2.4999999999999964,7.499999999999929
Tohoku University,30.000000000000057,29.9999999999998,29.99999999999995,2.5000000000000426,7.500000000000014
Tokyo Institute of Technology,30.0,30.0,30.0,2.499999999999993,7.499999999999986
Western Sydney University,29.999999999999886,30.00000000000017,30.000000000000014,2.4999999999999716,7.499999999999986
Aix-Marseille University,30.000000000000128,29.999999999999943,30.000000000000014,2.4999999999999964,7.500000000000057
Anglia Ruskin University ARU,30.00000000000003,29.99999999999983,30.00000000000006,2.5000000000000213,7.499999999999968
Beijing Normal University,30.0,30.0,30.00000000000002,2.500000000000014,7.499999999999972
Boston College,29.999999999999986,29.999999999999943,30.000000000000043,2.5,7.499999999999957
University of Canterbury,29.99999999999997,29.999999999999886,29.999999999999996,2.5000000000000195,7.499999999999986
Colorado School of Mines,29.999999999999986,30.000000000000142,30.000000000000014,2.4999999999999964,7.499999999999979
Cyprus University of Technology,29.999999999999886,30.0,30.00000000000007,2.500000000000007,7.499999999999929
Deakin University,29.99999999999993,30.000000000000085,30.000000000000004,2.5,7.499999999999986
University of Fribourg,29.999999999999943,30.0,30.00000000000003,2.5000000000000213,7.499999999999975
Goethe University Frankfurt,29.99999999999997,30.0,30.000000000000014,2.5,7.5
Grenoble Alpes University,29.999999999999957,29.99999999999997,30.000000000000036,2.500000000000025,7.500000000000028
Huazhong University of Science and Technology,30.0,29.999999999999915,30.000000000000025,2.500000000000046,7.5
Indian Institute of Science,29.99999999999997,29.999999999999886,30.000000000000018,2.500000000000014,7.4999999999999805
Indian Institute of Technology Ropar,29.99999999999983,30.0000000000002,30.000000000000007,2.4999999999999822,7.499999999999979
Jacobs University,29.999999999999886,29.999999999999943,30.00000000000003,2.499999999999984,7.499999999999979
Johannes Gutenberg University of Mainz,30.000000000000036,30.000000000000085,29.999999999999964,2.4999999999999822,7.500000000000032
University of Klagenfurt,29.999999999999957,30.000000000000085,30.00000000000002,2.500000000000039,7.499999999999929
Kyung Hee University,29.99999999999993,30.000000000000057,30.00000000000003,2.499999999999986,7.5
University of Liège,30.00000000000007,29.999999999999886,30.000000000000032,2.500000000000032,7.500000000000071
University of Macau,29.999999999999915,29.999999999999943,30.000000000000043,2.500000000000007,7.499999999999991
University of Malaya,30.0,29.999999999999915,30.000000000000043,2.4999999999999805,7.499999999999979
University of Marburg,30.00000000000003,30.000000000000057,29.999999999999993,2.5000000000000213,7.499999999999972
Maynooth University,29.999999999999915,30.0,30.00000000000003,2.4999999999999982,7.499999999999986
University of Milan,29.999999999999943,30.0,30.000000000000036,2.5000000000000213,7.499999999999972
Montpellier University,30.00000000000003,29.99999999999997,30.00000000000001,2.4999999999999787,7.499999999999993
Nagoya University,29.99999999999997,30.000000000000057,30.00000000000002,2.5000000000000284,7.500000000000028
University of Newcastle,30.000000000000057,29.999999999999915,30.00000000000007,2.5000000000000426,7.499999999999936
University of New Mexico (Main campus),29.999999999999943,30.0,30.00000000000002,2.500000000000071,7.499999999999973
North Carolina State University,30.00000000000003,30.000000000000057,30.0,2.5000000000000213,7.499999999999979
Nova Southeastern University,29.999999999999947,30.000000000000114,30.000000000000018,2.5,7.5
Osaka University,29.9999999999999,30.000000000000227,29.999999999999982,2.4999999999999716,7.499999999999968
Politecnico di Milano,30.000000000000114,29.999999999999886,30.000000000000014,2.499999999999993,7.500000000000007
Reykjavík University,29.999999999999915,30.000000000000085,29.999999999999993,2.499999999999975,7.499999999999972
Rush University,29.999999999999986,29.999999999999922,30.000000000000004,2.5000000000000284,7.500000000000043
Southern University of Science and Technology (SUSTech),29.9999999999998,30.000000000000142,30.00000000000004,2.4999999999999964,7.500000000000014
Stony Brook University,29.999999999999943,30.0,29.999999999999986,2.5000000000000426,7.499999999999986
Swedish University of Agricultural Sciences,29.999999999999915,30.000000000000227,29.99999999999997,2.500000000000014,7.499999999999972
University of Tartu,30.00000000000003,29.99999999999997,30.0,2.500000000000007,7.500000000000043
University of Tasmania,29.9999999999999,30.000000000000057,30.00000000000002,2.5000000000000426,7.4999999999999645
Temple University,29.99999999999997,30.0,30.000000000000007,2.5000000000000213,7.500000000000011
The University of Tennessee-Knoxville,30.000000000000036,29.999999999999957,29.999999999999993,2.499999999999986,7.499999999999986
University of Texas at Dallas,29.999999999999943,29.99999999999997,29.999999999999982,2.500000000000025,7.499999999999972
University of Trento,30.00000000000003,29.999999999999943,29.999999999999993,2.4999999999999787,7.499999999999984
Tulane University,29.999999999999993,29.999999999999858,30.000000000000025,2.500000000000032,7.499999999999957
Umeå University,29.9999999999999,30.000000000000114,29.999999999999996,2.4999999999999734,7.5
United Arab Emirates University,29.999999999999943,30.00000000000003,30.0,2.500000000000057,7.5
Università della Svizzera Italiana,29.999999999999886,30.00000000000003,30.000000000000004,2.4999999999999787,7.5
University College Cork,29.9999999999999,30.000000000000185,29.999999999999993,2.499999999999986,7.499999999999936
Victoria University,29.999999999999886,29.999999999999886,29.999999999999982,2.5000000000000426,7.500000000000009
University of Alaska Fairbanks,29.999999999999943,30.000000000000085,29.999999999999993,2.500000000000014,7.500000000000014
American University of Beirut,30.000000000000057,29.999999999999986,30.0,2.500000000000007,7.499999999999986
Australian Catholic University,29.999999999999915,29.999999999999986,29.999999999999986,2.499999999999993,7.500000000000007
Babol Noshirvani University of Technology,30.0000000000002,29.99999999999995,29.99999999999999,2.4999999999998863,7.499999999999979
University of Bayreuth,30.00000000000017,29.999999999999957,30.00000000000007,2.4999999999999147,7.499999999999957
Birkbeck,30.000000000000057,29.999999999999915,30.0,2.499999999999986,7.499999999999972
University of Bremen,29.999999999999915,30.000000000000092,30.000000000000007,2.4999999999999716,7.5
Brunel University London,29.999999999999858,30.000000000000142,29.999999999999986,2.5000000000000284,7.500000000000011
University of California,30.00000000000017,29.999999999999716,30.000000000000043,2.499999999999968,7.499999999999957
Catholic University of Portugal,29.999999999999915,30.000000000000085,30.000000000000007,2.5,7.499999999999993
Clark University,30.000000000000057,30.000000000000107,30.000000000000007,2.499999999999943,7.499999999999986
University of Connecticut,30.0000000000001,29.999999999999957,30.00000000000001,2.5,7.499999999999979
University of Crete,30.00000000000017,30.00000000000005,30.000000000000014,2.500000000000014,7.499999999999979
