university_name,teaching,research,citations,income,international
University of Oxford,29.73167295564599,24.734964694822338,33.66457750421546,3.4230882154645315,8.823904661639062
California Institute of Technology,30.82546078585753,26.318835128069423,32.01137317047204,2.739746662563306,8.273007848235238
University of Cambridge,24.816863997787323,32.79513066259369,30.950007228978393,4.142407975256674,7.599513144581579
Stanford University,23.1130333832196,27.024673644443453,35.732836082557924,5.718596565941652,9.262899942138347
Massachusetts Institute of Technology,29.392259573381693,30.774995529108963,29.81248410540502,2.623290112109217,7.402638679653855
Princeton University,25.576966837633222,32.79901751715727,30.534147887387917,3.8374468016514527,7.484048259046887
Harvard University,26.565076764296805,32.604435109172414,30.12696249540204,3.471933761168998,7.382613376968919
Yale University,30.177065607124064,29.719821562582425,30.090977700381018,2.4725041968198127,7.541623433061723
The University of Chicago,30.10382024294779,25.042231643944206,33.256893639915916,3.2264726847454472,8.692933139879965
Imperial College London,27.727396915019995,32.10416739230293,29.829353819945084,3.0840197211846316,7.3294500316127795
University of Pennsylvania,30.742141718943458,28.445696958355136,30.635264164804767,2.4436213942777556,7.767087236873297
Johns Hopkins University,30.933020243361966,27.129458022430136,31.411144347123866,2.5710983662716274,8.059194162627747
University of California,30.000000000001048,29.999999999998764,29.99999999999993,2.499999999999922,7.500000000000028
ETH Zurich,29.999999999999545,30.0,30.00000000000003,2.5,7.500000000000114
UCL,29.99999999999966,30.0,29.999999999999915,2.5,7.499999999999972
Columbia University,29.999999999999986,30.00000000000003,29.99999999999993,2.499999999999922,7.500000000000057
University of California,30.000000000000057,29.999999999999886,30.000000000000057,2.5000000000000213,7.500000000000213
University of Toronto,30.000000000000085,29.999999999999716,30.000000000000142,2.499999999999993,7.500000000000028
Cornell University,29.999999999999915,30.000000000000284,29.999999999999773,2.500000000000014,7.500000000000028
Duke University,30.0,30.000000000000053,30.000000000000004,2.5,7.499999999999957
University of Michigan-Ann Arbor,30.00000000000003,30.00000000000004,29.999999999999932,2.500000000000023,7.499999999999972
Northwestern University,29.999999999999943,30.00000000000012,30.000000000000007,2.5000000000000426,7.499999999999972
Tsinghua University,29.9999999999999,30.000000000000192,29.999999999999975,2.4999999999999325,7.500000000000014
Peking University,29.999999999999854,30.000000000000128,29.999999999999915,2.5,7.499999999999986
National University of Singapore,29.99999999999988,30.00000000000012,29.999999999999858,2.499999999999993,7.500000000000021
University of Washington,29.999999999999943,30.00000000000007,29.999999999999943,2.4999999999999645,7.499999999999979
Carnegie Mellon University,30.000000000000036,30.0,30.000000000000057,2.5000000000000178,7.499999999999957
London School of Economics and Political Science,30.000000000000107,30.000000000000014,29.999999999999886,2.500000000000071,7.499999999999957
New York University,30.00000000000002,30.000000000000014,30.0,2.5000000000000178,7.499999999999936
University of Edinburgh,29.999999999999993,30.00000000000003,30.0,2.5000000000000036,7.500000000000014
University of California,29.999999999999872,30.000000000000014,29.999999999999986,2.500000000000007,7.500000000000021
LMU Munich,30.000000000000014,30.000000000000036,30.00000000000003,2.5000000000000284,7.499999999999915
University of Melbourne,29.99999999999994,30.000000000000107,29.999999999999943,2.5000000000000426,7.500000000000085
University of British Columbia,30.000000000000043,30.000000000000057,30.00000000000003,2.4999999999999716,7.4999999999999005
University of Hong Kong,30.000000000000036,30.00000000000004,30.00000000000003,2.499999999999858,7.499999999999886
King’s College London,30.000000000000114,30.00000000000012,29.9999999999998,2.4999999999999787,7.500000000000028
The University of Tokyo,30.00000000000005,29.99999999999993,30.000000000000057,2.499999999999943,7.499999999999957
École Polytechnique Fédérale de Lausanne,30.00000000000003,30.000000000000057,29.999999999999915,2.5000000000000178,7.499999999999943
Georgia Institute of Technology,30.000000000000064,30.0000000000002,29.99999999999983,2.499999999999943,7.499999999999986
University of Texas at Austin,30.00000000000003,30.000000000000114,30.00000000000003,2.4999999999999574,7.499999999999943
Karolinska Institute,29.999999999999915,30.000000000000227,29.99999999999997,2.4999999999998987,7.500000000000028
McGill University,30.00000000000003,29.999999999999943,29.999999999999943,2.500000000000007,7.499999999999872
Technical University of Munich,30.000000000000085,30.00000000000003,29.99999999999997,2.4999999999999503,7.5
Heidelberg University,30.0,30.000000000000085,30.000000000000057,2.4999999999999005,7.4999999999999964
KU Leuven,30.0,30.0,30.00000000000003,2.499999999999986,7.4999999999999964
Paris Sciences et Lettres – PSL Research University Paris,30.000000000000057,30.00000000000017,29.999999999999844,2.5,7.500000000000044
The Hong Kong University of Science and Technology,29.999999999999858,30.000000000000142,30.000000000000085,2.499999999999929,7.4999999999999325
University of Illinois at Urbana-Champaign,29.99999999999983,30.000000000000156,30.000000000000078,2.4999999999999147,7.499999999999963
Nanyang Technological University,29.999999999999886,30.000000000000085,29.999999999999943,2.4999999999999716,7.499999999999989
Australian National University,30.000000000000156,29.999999999999815,30.00000000000003,2.5000000000000684,7.4999999999999645
University of Wisconsin-Madison,29.999999999999943,29.999999999999943,30.000000000000043,2.5000000000000284,7.49999999999994
Washington University in St Louis,29.999999999999886,30.000000000000114,30.000000000000064,2.4999999999999574,7.499999999999968
Brown University,29.999999999999886,30.000000000000227,30.000000000000114,2.499999999999872,7.499999999999975
University of North Carolina at Chapel Hill,29.999999999999915,30.000000000000426,30.000000000000014,2.499999999999936,7.500000000000028
University of California,29.99999999999997,29.999999999999915,29.999999999999943,2.500000000000057,7.500000000000076
University of Manchester,30.000000000000014,29.999999999999915,30.000000000000057,2.4999999999999716,7.499999999999929
University of California,29.99999999999997,30.00000000000017,30.0,2.5,7.5
Chinese University of Hong Kong,29.99999999999979,30.000000000000227,30.0,2.499999999999943,7.499999999999986
Wageningen University & Research,30.00000000000017,29.999999999999915,29.999999999999943,2.5000000000000284,7.499999999999943
University of Sydney,29.999999999999716,30.000000000000135,30.000000000000014,2.5000000000000284,7.500000000000057
Boston University,30.0,30.000000000000057,29.999999999999975,2.5000000000000426,7.500000000000028
University of Amsterdam,30.0,29.999999999999943,29.99999999999997,2.4999999999999716,7.5
University of Southern California,29.99999999999966,29.99999999999997,29.999999999999936,2.4999999999999574,7.499999999999943
Seoul National University,29.99999999999999,30.000000000000014,29.999999999999986,2.5000000000000995,7.500000000000014
Kyoto University,30.000000000000064,29.999999999999872,30.00000000000002,2.500000000000014,7.499999999999957
The University of Queensland,30.000000000000227,29.99999999999993,29.99999999999987,2.500000000000014,7.50000000000006
Delft University of Technology,29.999999999999943,30.000000000000043,29.99999999999998,2.5000000000000426,7.499999999999943
Leiden University,29.99999999999949,30.000000000000227,30.000000000000046,2.4999999999999716,7.500000000000107
Erasmus University Rotterdam,29.999999999999886,30.000000000000036,29.999999999999858,2.4999999999999147,7.499999999999922
Ohio State University (Main campus),30.000000000000114,30.000000000000057,29.99999999999979,2.5000000000000284,7.500000000000028
UNSW Sydney,29.99999999999943,30.000000000000284,29.999999999999957,2.4999999999999716,7.500000000000142
McMaster University,29.99999999999943,30.0000000000002,30.0,2.499999999999986,7.500000000000046
University of Groningen,30.00000000000091,29.999999999999687,29.99999999999966,2.4999999999999574,7.49999999999979
Humboldt University of Berlin,30.000000000000057,30.000000000000142,29.999999999999893,2.499999999999929,7.500000000000028
Monash University,29.99999999999943,30.000000000000014,30.00000000000009,2.4999999999999147,7.499999999999979
Utrecht University,29.999999999999886,30.000000000000085,29.99999999999997,2.500000000000057,7.50000000000006
University of Warwick,29.999999999999943,30.000000000000043,29.99999999999997,2.499999999999997,7.500000000000057
Penn State (Main campus),29.99999999999997,30.00000000000003,30.000000000000036,2.4999999999999076,7.500000000000057
University of Minnesota,30.00000000000002,29.999999999999993,29.99999999999997,2.4999999999999947,7.500000000000025
Charité - Universitätsmedizin Berlin,29.999999999999858,30.000000000000043,29.999999999999964,2.500000000000039,7.500000000000071
Emory University,30.000000000000142,29.999999999999915,29.999999999999943,2.500000000000014,7.499999999999972
University of Science and Technology of China,29.999999999999943,29.99999999999997,30.000000000000078,2.500000000000007,7.499999999999993
Sorbonne University,30.000000000000014,30.000000000000064,30.00000000000003,2.499999999999993,7.499999999999972
Michigan State University,29.999999999999844,30.000000000000064,30.000000000000064,2.5,7.500000000000028
University of Montreal,30.00000000000003,30.000000000000135,29.999999999999986,2.5000000000000124,7.500000000000028
University of Freiburg,29.99999999999997,30.000000000000036,29.999999999999932,2.500000000000078,7.5
University of Bristol,29.999999999999716,30.000000000000227,29.99999999999997,2.5000000000000107,7.500000000000085
Purdue University West Lafayette,29.999999999999773,30.000000000000128,29.99999999999997,2.5000000000000284,7.500000000000085
Sungkyunkwan University (SKKU),30.000000000000004,30.000000000000014,29.9999999999999,2.4999999999999636,7.500000000000028
University of Zurich,30.0,30.0000000000001,29.999999999999943,2.4999999999999987,7.5
University of Maryland,29.999999999999886,30.000000000000014,30.000000000000025,2.499999999999993,7.500000000000014
University of Tübingen,29.999999999999844,30.00000000000013,29.999999999999943,2.5000000000000995,7.499999999999943
École Polytechnique,30.0,30.00000000000007,29.999999999999993,2.5000000000000604,7.5
University of Basel,29.999999999999886,30.000000000000057,29.999999999999968,2.500000000000016,7.5
Dartmouth College,30.000000000000178,30.000000000000014,29.99999999999993,2.500000000000007,7.500000000000043
University of California,29.99999999999997,30.000000000000032,29.999999999999932,2.4999999999999964,7.499999999999979
University of Helsinki,29.999999999999886,30.000000000000057,30.0,2.5000000000000426,7.499999999999972
Lund University,30.000000000000057,30.0000000000001,29.999999999999957,2.500000000000014,7.499999999999972
University of Glasgow,30.00000000000013,29.999999999999858,29.99999999999993,2.500000000000009,7.500000000000043
RWTH Aachen University,30.00000000000007,30.000000000000057,29.999999999999908,2.499999999999968,7.50000000000006
University of Copenhagen,30.000000000000213,29.99999999999983,29.999999999999986,2.499999999999961,7.500000000000025
Georgetown University,30.000000000000128,29.999999999999943,29.99999999999995,2.499999999999986,7.5000000000000036
Uppsala University,29.999999999999872,30.0000000000001,29.99999999999999,2.499999999999986,7.4999999999999964
University of Arizona,30.0000000000002,29.999999999999858,30.00000000000002,2.4999999999999645,7.4999999999999964
University of Bonn,29.999999999999986,29.999999999999943,30.000000000000032,2.5000000000000355,7.499999999999954
Rice University,30.00000000000007,29.999999999999943,29.99999999999998,2.499999999999975,7.500000000000021
University of Virginia (Main campus),30.000000000000085,29.999999999999915,29.99999999999998,2.4999999999999893,7.4999999999999964
Zhejiang University,30.000000000000142,29.9999999999998,30.000000000000043,2.499999999999986,7.5
Fudan University,30.000000000000114,29.99999999999997,29.99999999999995,2.500000000000016,7.500000000000018
Korea Advanced Institute of Science and Technology (KAIST),30.000000000000256,29.99999999999983,29.999999999999975,2.5000000000000036,7.500000000000005
Queen Mary University of London,30.000000000000092,30.000000000000014,29.999999999999975,2.500000000000007,7.500000000000007
University of Birmingham,30.000000000000064,30.000000000000057,29.999999999999922,2.499999999999993,7.5000000000000355
University of Bern,30.000000000000334,29.999999999999886,29.99999999999982,2.4999999999999076,7.500000000000043
University of Pittsburgh-Pittsburgh campus,29.999999999999886,30.000000000000057,29.99999999999994,2.499999999999943,7.500000000000066
Aarhus University,30.000000000000043,29.99999999999995,29.99999999999998,2.499999999999929,7.500000000000007
Vanderbilt University,30.000000000000114,30.000000000000057,29.99999999999997,2.5,7.500000000000032
Free University of Berlin,30.000000000000156,30.00000000000007,30.0,2.4999999999999423,7.499999999999993
University of Sheffield,30.00000000000019,29.999999999999943,29.999999999999943,2.5000000000000284,7.5
Case Western Reserve University,29.999999999999915,30.000000000000114,29.99999999999997,2.499999999999929,7.499999999999988
University of Adelaide,29.99999999999995,29.999999999999886,30.000000000000014,2.5,7.499999999999978
National Taiwan University (NTU),29.999999999999936,30.000000000000064,29.999999999999986,2.499999999999993,7.499999999999998
University of Southampton,30.00000000000003,30.000000000000057,30.0,2.4999999999999716,7.500000000000011
Ghent University,30.00000000000025,30.0,30.00000000000003,2.499999999999943,7.500000000000007
University of Colorado Boulder,29.9999999999998,30.000000000000227,30.0,2.4999999999999147,7.500000000000009
University of Göttingen,30.000000000000114,30.000000000000227,29.99999999999997,2.4999999999999716,7.5000000000000195
City University of Hong Kong,29.999999999999744,30.000000000000227,29.99999999999997,2.5000000000000284,7.500000000000043
Maastricht University,29.999999999999886,30.0,30.0,2.499999999999943,7.5000000000000275
Radboud University Nijmegen,29.999999999999744,30.000000000000142,30.00000000000007,2.500000000000039,7.499999999999957
University of York,30.0000000000002,29.999999999999993,30.000000000000007,2.499999999999921,7.499999999999972
University of Paris,29.999999999999996,30.00000000000003,30.000000000000043,2.499999999999986,7.5
University of Oslo,30.000000000000085,29.999999999999957,30.000000000000057,2.499999999999993,7.500000000000014
The University of Western Australia,30.0,29.999999999999833,30.000000000000064,2.500000000000089,7.499999999999915
Durham University,30.000000000000057,29.999999999999762,30.00000000000005,2.500000000000071,7.499999999999986
Indiana University,29.999999999999876,30.000000000000057,29.99999999999998,2.5000000000000338,7.50000000000005
University of Vienna,30.000000000000085,29.999999999999886,29.999999999999993,2.499999999999985,7.499999999999986
University of Alberta,30.000000000000057,30.00000000000012,29.9999999999999,2.5000000000000036,7.500000000000057
University of Cape Town,29.999999999999886,30.00000000000007,30.0,2.5000000000000604,7.500000000000057
Vrije Universiteit Amsterdam,29.999999999999886,30.00000000000002,29.999999999999996,2.4999999999999005,7.500000000000028
Lancaster University,30.0,30.000000000000036,30.00000000000001,2.4999999999999574,7.500000000000014
Tufts University,30.000000000000075,29.999999999999886,30.000000000000007,2.4999999999999645,7.499999999999986
University of Ottawa,30.00000000000029,29.999999999999787,29.999999999999936,2.4999999999999716,7.499999999999986
Ulm University,29.999999999999886,30.00000000000027,29.999999999999936,2.4999999999999574,7.499999999999993
Pompeu Fabra University,30.00000000000003,29.99999999999997,29.999999999999982,2.4999999999999716,7.499999999999972
University of Geneva,30.0000000000002,29.9999999999999,30.000000000000007,2.499999999999954,7.499999999999972
Nanjing University,30.000000000000128,29.999999999999915,30.000000000000036,2.499999999999943,7.499999999999943
University of Exeter,30.0,30.0,30.00000000000003,2.499999999999986,7.500000000000028
Pohang University of Science and Technology (POSTECH),29.999999999999986,30.000000000000085,29.999999999999993,2.499999999999986,7.500000000000032
University of Sussex,30.000000000000043,29.999999999999872,29.999999999999996,2.499999999999954,7.499999999999986
University of Hamburg,30.000000000000036,29.999999999999943,29.99999999999998,2.499999999999986,7.500000000000007
Sant’Anna School of Advanced Studies – Pisa,30.000000000000085,29.99999999999997,30.000000000000014,2.5000000000000053,7.500000000000018
Technical University of Berlin,29.99999999999997,30.000000000000043,30.000000000000036,2.499999999999986,7.499999999999975
Université Catholique de Louvain,30.000000000000014,30.000000000000014,30.00000000000003,2.5000000000000107,7.500000000000025
University of Nottingham,30.000000000000014,30.000000000000114,30.00000000000002,2.49999999999992,7.499999999999918
Scuola Normale Superiore di Pisa,29.999999999999936,29.99999999999997,30.0,2.499999999999993,7.500000000000025
Arizona State University (Tempe),30.000000000000142,29.999999999999908,29.999999999999915,2.500000000000039,7.500000000000071
University of Leeds,29.999999999999986,29.99999999999997,29.999999999999986,2.5000000000000284,7.500000000000082
Autonomous University of Barcelona,29.99999999999998,29.99999999999997,29.999999999999986,2.500000000000014,7.500000000000025
University of Cologne,30.0,29.999999999999886,29.999999999999975,2.5,7.500000000000028
University of Mannheim,29.99999999999997,29.999999999999943,30.00000000000003,2.5000000000000284,7.499999999999993
University of Notre Dame,29.999999999999886,30.0,30.000000000000018,2.500000000000046,7.5
Shanghai Jiao Tong University,30.0000000000001,29.99999999999983,30.000000000000036,2.500000000000057,7.499999999999872
TU Dresden,30.00000000000003,30.000000000000114,29.999999999999986,2.4999999999999574,7.4999999999999964
University of Würzburg,30.00000000000003,29.999999999999886,30.00000000000002,2.500000000000014,7.4999999999999645
Trinity College Dublin,29.999999999999943,30.000000000000057,29.999999999999996,2.5000000000000426,7.500000000000028
University of Liverpool,30.000000000000057,29.999999999999886,29.999999999999968,2.4999999999999574,7.500000000000021
Bielefeld University,30.000000000000085,29.999999999999886,29.99999999999997,2.500000000000014,7.499999999999975
University of Leicester,30.0,30.000000000000057,29.999999999999986,2.499999999999943,7.500000000000014
University of Aberdeen,30.0,29.999999999999943,30.00000000000001,2.5,7.500000000000043
University of Bologna,30.000000000000043,29.999999999999986,29.99999999999997,2.4999999999999716,7.500000000000007
Rutgers,29.99999999999998,30.000000000000053,29.999999999999957,2.5,7.499999999999972
Hong Kong Polytechnic University,30.000000000000036,29.999999999999986,30.000000000000032,2.500000000000014,7.499999999999929
University of Alabama at Birmingham,30.00000000000005,29.999999999999982,29.99999999999998,2.499999999999968,7.500000000000008
Northeastern University,29.99999999999997,30.00000000000005,29.99999999999997,2.4999999999999716,7.499999999999986
University of Rochester,29.999999999999858,30.000000000000007,30.000000000000014,2.5000000000000426,7.499999999999936
University of Florida,30.0000000000001,29.99999999999999,29.999999999999996,2.4999999999999574,7.50000000000005
Karlsruhe Institute of Technology,30.000000000000107,29.999999999999943,29.999999999999968,2.500000000000014,7.500000000000007
Stockholm University,30.0,30.000000000000085,29.99999999999996,2.4999999999999147,7.4999999999999645
Texas A&M University,30.00000000000003,29.99999999999995,30.00000000000001,2.4999999999999716,7.5
University of Auckland,29.9999999999999,30.000000000000007,30.000000000000043,2.5,7.499999999999979
University of California,29.999999999999858,30.0000000000001,29.99999999999998,2.4999999999999716,7.499999999999993
Korea University,30.00000000000003,30.000000000000043,29.999999999999986,2.500000000000025,7.5
Queensland University of Technology,29.999999999999904,29.99999999999997,30.000000000000025,2.500000000000057,7.499999999999972
University of Erlangen-Nuremberg,29.99999999999994,30.000000000000124,30.00000000000001,2.499999999999991,7.500000000000056
Aalto University,30.0000000000001,29.999999999999925,29.99999999999998,2.500000000000014,7.5
Technical University of Denmark,29.99999999999997,30.000000000000096,30.00000000000003,2.500000000000014,7.5
Eindhoven University of Technology,30.00000000000002,30.000000000000064,30.00000000000002,2.4999999999999787,7.500000000000007
University of Gothenburg,29.999999999999964,30.000000000000085,30.00000000000001,2.5,7.500000000000018
Télécom Paris,30.0,29.9999999999999,30.00000000000003,2.500000000000007,7.500000000000021
Lomonosov Moscow State University,30.0,30.0,30.00000000000002,2.5,7.5
University of Münster,30.000000000000142,29.999999999999886,30.000000000000036,2.5000000000000138,7.500000000000023
Tel Aviv University,30.000000000000114,29.999999999999858,30.000000000000004,2.500000000000014,7.500000000000002
University of East Anglia,30.00000000000003,29.999999999999943,29.999999999999996,2.500000000000032,7.500000000000043
University of Canberra,30.00000000000017,29.99999999999983,29.999999999999986,2.500000000000025,7.500000000000021
University of Duisburg-Essen,29.99999999999983,30.000000000000057,29.99999999999998,2.5000000000000426,7.50000000000005
University of Technology Sydney,29.999999999999773,30.000000000000227,29.99999999999997,2.499999999999991,7.4999999999999645
University of the Witwatersrand,30.0,30.0,29.99999999999999,2.4999999999999645,7.499999999999979
Yonsei University (Seoul campus),30.00000000000003,30.0,30.00000000000002,2.5000000000000213,7.500000000000014
University of Antwerp,30.000000000000057,29.999999999999858,30.000000000000018,2.4999999999999964,7.500000000000043
Cardiff University,29.999999999999858,30.0,30.0,2.500000000000071,7.500000000000071
George Washington University,29.999999999999943,30.000000000000057,30.00000000000001,2.499999999999993,7.499999999999986
University of Lausanne,30.000000000000057,29.99999999999983,30.000000000000007,2.499999999999993,7.499999999999979
University of St Andrews,30.00000000000003,29.999999999999886,30.00000000000003,2.500000000000023,7.499999999999979
Aalborg University,30.0,30.000000000000057,29.999999999999964,2.499999999999936,7.4999999999999885
University of Barcelona,29.999999999999915,30.0,30.0,2.499999999999986,7.499999999999986
University of Bergen,29.999999999999943,30.000000000000114,30.000000000000007,2.4999999999999716,7.499999999999986
Brandeis University,29.999999999999886,30.00000000000007,30.000000000000043,2.500000000000007,7.499999999999979
University of Calgary,30.00000000000003,29.999999999999886,30.00000000000002,2.5,7.499999999999986
Copenhagen Business School,30.000000000000043,30.000000000000014,29.999999999999993,2.4999999999999716,7.500000000000039
University of Dundee,29.999999999999915,29.999999999999943,30.00000000000012,2.4999999999999147,7.499999999999986
École Normale Supérieure de Lyon,29.999999999999943,30.0,29.999999999999986,2.500000000000032,7.500000000000014
Griffith University,29.999999999999844,30.000000000000128,29.999999999999957,2.5000000000000497,7.500000000000011
University of Hawai’i at Mānoa,30.000000000000085,29.999999999999943,29.999999999999982,2.500000000000064,7.499999999999986
Hebrew University of Jerusalem,30.0,29.99999999999997,30.00000000000005,2.5000000000000178,7.500000000000025
University of Hohenheim,30.0,29.999999999999943,30.000000000000018,2.500000000000057,7.500000000000014
Howard University,29.99999999999997,30.00000000000003,29.99999999999997,2.4999999999999964,7.5
University of Iowa,29.999999999999886,29.999999999999943,29.999999999999975,2.4999999999999734,7.499999999999993
James Cook University,29.999999999999936,29.999999999999915,29.99999999999995,2.5000000000000853,7.499999999999993
King Abdulaziz University,30.00000000000003,30.000000000000057,30.00000000000001,2.5000000000000018,7.499999999999989
University of Konstanz,29.99999999999997,30.000000000000057,29.999999999999968,2.500000000000057,7.500000000000021
KTH Royal Institute of Technology,30.000000000000085,29.999999999999773,29.999999999999982,2.4999999999999716,7.500000000000014
Université Libre de Bruxelles,30.000000000000114,29.999999999999943,29.999999999999957,2.500000000000057,7.500000000000014
University of Luxembourg,29.99999999999997,30.0,30.000000000000004,2.499999999999986,7.5
Macquarie University,29.999999999999915,30.000000000000057,30.000000000000053,2.499999999999967,7.499999999999975
University of Massachusetts,29.999999999999886,30.000000000000114,30.000000000000014,2.5,7.499999999999972
Medical University of Graz,30.000000000000057,29.999999999999886,30.000000000000007,2.50000000000003,7.500000000000014
Medical University of Vienna,30.00000000000003,29.99999999999983,30.00000000000002,2.500000000000039,7.499999999999986
University of Miami,30.0,30.000000000000085,30.00000000000001,2.499999999999993,7.499999999999922
Moscow Institute of Physics and Technology (MIPT),30.00000000000003,30.0,30.000000000000004,2.5000000000000178,7.5
Newcastle University,29.999999999999915,30.000000000000284,30.000000000000007,2.499999999999992,7.499999999999986
University of Otago,29.999999999999943,29.999999999999886,30.000000000000014,2.499999999999986,7.500000000000014
University of Padua,29.999999999999968,30.0000000000001,29.999999999999993,2.5000000000000213,7.499999999999972
Paris-Sud University,29.99999999999997,30.00000000000017,30.00000000000001,2.4999999999999645,7.499999999999957
Queen’s University Belfast,29.99999999999997,30.000000000000227,30.000000000000004,2.5000000000000213,7.499999999999972
RCSI University of Medicine and Health Sciences,29.99999999999997,30.000000000000057,30.000000000000014,2.499999999999993,7.499999999999908
University of Reading,30.0,30.000000000000057,29.99999999999999,2.4999999999999645,7.499999999999993
St George’s,30.00000000000002,30.0,30.000000000000014,2.5000000000000924,7.500000000000021
University of South Florida (Tampa),30.0,30.0,30.000000000000007,2.499999999999986,7.500000000000028
Tilburg University,29.999999999999872,30.000000000000355,30.0,2.499999999999993,7.499999999999954
University of Twente,30.000000000000085,30.00000000000003,30.000000000000057,2.499999999999929,7.499999999999945
Ulsan National Institute of Science and Technology (UNIST),29.99999999999997,30.0,30.00000000000002,2.5000000000000426,7.500000000000028
University College Dublin,30.000000000000043,29.999999999999943,29.999999999999943,2.50000000000003,7.499999999999995
University of Utah,29.999999999999943,30.000000000000227,30.000000000000014,2.499999999999993,7.4999999999999645
Virginia Polytechnic Institute and State University,30.000000000000057,30.000000000000036,30.000000000000007,2.4999999999999853,7.499999999999986
Vita-Salute San Raffaele University,30.0,30.000000000000114,29.999999999999996,2.5,7.499999999999986
Vrije Universiteit Brussel,30.000000000000057,29.999999999999943,30.000000000000014,2.5000000000000213,7.500000000000007
Wake Forest University,29.999999999999872,30.0,29.999999999999986,2.500000000000078,7.4999999999999645
University of Waterloo,30.00000000000007,29.999999999999943,30.00000000000005,2.499999999999993,7.4999999999999645
Western University,30.000000000000085,29.999999999999886,30.000000000000025,2.500000000000014,7.500000000000014
William & Mary,30.000000000000085,29.9999999999999,30.000000000000007,2.500000000000057,7.500000000000011
University of Wollongong,29.99999999999997,30.0,30.0,2.5000000000000435,7.499999999999979
Alfaisal University,30.0,29.999999999999773,29.99999999999997,2.499999999999943,7.500000000000057
Auckland University of Technology,29.999999999999716,30.000000000000284,30.0,2.4999999999999716,7.499999999999979
Autonomous University of Madrid,30.00000000000002,30.0,29.999999999999993,2.499999999999943,7.500000000000014
University of Bath,29.999999999999943,30.000000000000114,30.000000000000032,2.5000000000000284,7.499999999999984
Brighton and Sussex Medical School,30.0,29.999999999999858,30.000000000000014,2.5,7.499999999999986
University at Buffalo,30.000000000000057,30.000000000000014,29.99999999999998,2.4999999999999574,7.500000000000032
University of California,30.00000000000003,29.999999999999943,30.00000000000003,2.4999999999999716,7.499999999999986
Chalmers University of Technology,30.000000000000384,29.999999999999787,29.999999999999876,2.499999999999872,7.500000000000085
University of Cincinnati,30.000000000000014,30.0,29.999999999999986,2.500000000000014,7.500000000000018
Curtin University,30.00000000000034,29.999999999999716,29.99999999999993,2.499999999999943,7.5000000000001705
Dalhousie University,30.000000000000156,29.999999999999744,29.999999999999986,2.500000000000014,7.500000000000025
University of Delaware,30.0,30.000000000000128,29.999999999999993,2.4999999999999254,7.499999999999979
École des Ponts ParisTech,29.99999999999997,30.00000000000007,30.00000000000003,2.4999999999999574,7.500000000000037
University of Essex,30.00000000000017,29.999999999999886,30.0,2.499999999999986,7.500000000000037
Flinders University,30.000000000000213,29.9999999999998,29.999999999999993,2.5000000000000284,7.5000000000000195
Florida State University,29.999999999999943,29.999999999999943,29.999999999999968,2.499999999999986,7.500000000000021
George Mason University,29.99999999999995,29.999999999999943,30.000000000000007,2.5,7.499999999999993
Heriot-Watt University,30.000000000000114,30.0000000000001,30.000000000000007,2.4999999999998828,7.499999999999979
HSE University,29.999999999999908,29.99999999999997,30.00000000000002,2.5000000000000284,7.500000000000006
University of Illinois at Chicago,29.999999999999886,30.000000000000114,29.999999999999982,2.5,7.499999999999986
University of Kiel,29.999999999999943,30.0,29.99999999999998,2.499999999999986,7.499999999999968
La Trobe University,30.000000000000142,29.999999999999822,30.0,2.5000000000000124,7.5
Université Laval,30.000000000000043,29.9999999999999,30.0,2.499999999999986,7.500000000000047
Macau University of Science and Technology,30.00000000000008,29.999999999999858,29.999999999999986,2.4999999999998863,7.500000000000046
Medical University of Innsbruck,30.00000000000024,29.99999999999978,30.000000000000007,2.5,7.49999999999998
National University of Ireland,30.000000000000014,30.00000000000018,30.0,2.499999999999858,7.500000000000007
University of Navarra,29.999999999999993,29.99999999999998,30.0,2.499999999999936,7.500000000000028
University of Oregon,30.00000000000007,29.999999999999858,29.99999999999998,2.4999999999999716,7.50000000000005
Oregon Health and Science University,30.00000000000007,29.99999999999997,30.000000000000007,2.4999999999999574,7.500000000000007
University of Oulu,30.00000000000003,30.0,30.00000000000003,2.4999999999999574,7.499999999999986
University of Passau,29.999999999999872,30.000000000000036,29.999999999999996,2.5000000000000284,7.499999999999982
University of Potsdam,30.0000000000002,29.999999999999687,30.000000000000014,2.5000000000000853,7.500000000000043
Queen’s University,30.000000000000455,29.999999999999773,29.99999999999997,2.4999999999998863,7.500000000000057
Royal Holloway,30.00000000000007,30.00000000000003,30.000000000000036,2.4999999999998863,7.500000000000028
Ruhr University Bochum,29.99999999999997,30.000000000000057,29.999999999999947,2.499999999999986,7.500000000000007
University of São Paulo,29.99999999999997,29.99999999999997,29.99999999999998,2.500000000000014,7.500000000000018
Sapienza University of Rome,30.00000000000017,29.999999999999915,30.00000000000003,2.4999999999999716,7.500000000000028
Simon Fraser University,29.999999999999886,30.0000000000002,29.999999999999943,2.5000000000000284,7.4999999999999964
University of South Australia,30.000000000000234,29.99999999999992,29.99999999999995,2.499999999999911,7.500000000000088
University of Southern Denmark,29.999999999999886,30.000000000000057,30.00000000000002,2.499999999999943,7.5000000000000355
Stellenbosch University,29.999999999999822,30.0000000000002,30.00000000000002,2.499999999999938,7.499999999999986
University of Stuttgart,29.9999999999998,30.000000000000256,29.999999999999986,2.4999999999999165,7.500000000000021
Sun Yat-sen University,29.999999999999936,30.00000000000028,29.999999999999993,2.4999999999999787,7.500000000000007
University of Surrey,30.000000000000114,29.999999999999773,30.0,2.4999999999999893,7.500000000000071
Swansea University,30.00000000000024,29.999999999999886,29.999999999999993,2.499999999999929,7.5000000000000036
Syracuse University,30.000000000000128,30.000000000000078,29.999999999999986,2.499999999999951,7.5
Tampere University,29.999999999999957,30.000000000000085,30.00000000000002,2.4999999999999574,7.5
Technical University of Darmstadt,29.999999999999872,30.00000000000007,30.0,2.4999999999999782,7.500000000000021
Tohoku University,30.00000000000017,29.999999999999773,29.99999999999998,2.5000000000000426,7.500000000000007
Tokyo Institute of Technology,29.99999999999997,30.000000000000185,30.000000000000007,2.4999999999999405,7.5
Western Sydney University,30.00000000000005,30.000000000000057,29.999999999999964,2.500000000000057,7.500000000000014
Aix-Marseille University,30.00000000000017,29.999999999999844,30.000000000000014,2.500000000000014,7.499999999999975
Anglia Ruskin University ARU,30.000000000000057,30.00000000000017,30.0,2.4999999999999485,7.499999999999993
Beijing Normal University,30.00000000000003,29.999999999999986,30.0,2.5000000000000426,7.499999999999951
Boston College,29.999999999999815,30.00000000000025,30.0,2.4999999999999734,7.499999999999979
University of Canterbury,30.0,29.99999999999997,30.000000000000014,2.4999999999999503,7.4999999999999485
Colorado School of Mines,29.99999999999993,30.000000000000142,30.000000000000004,2.4999999999999716,7.499999999999993
Cyprus University of Technology,30.0,30.000000000000142,30.000000000000007,2.500000000000057,7.499999999999929
Deakin University,30.000000000000107,29.99999999999983,30.00000000000002,2.5000000000000853,7.4999999999999165
University of Fribourg,30.0,29.999999999999986,29.999999999999982,2.500000000000071,7.499999999999972
Goethe University Frankfurt,29.9999999999998,30.000000000000114,30.0,2.4999999999999813,7.500000000000007
Grenoble Alpes University,30.00000000000007,29.999999999999886,30.00000000000001,2.5000000000000284,7.499999999999961
Huazhong University of Science and Technology,29.999999999999915,30.000000000000135,29.99999999999998,2.500000000000007,7.500000000000014
Indian Institute of Science,30.000000000000213,29.9999999999999,30.000000000000036,2.5000000000000284,7.499999999999972
Indian Institute of Technology Ropar,29.999999999999787,30.000000000000085,30.00000000000002,2.500000000000007,7.5000000000000355
Jacobs University,30.0,30.00000000000026,30.000000000000014,2.499999999999993,7.499999999999883
Johannes Gutenberg University of Mainz,30.00000000000024,29.999999999999858,30.000000000000128,2.4999999999999503,7.499999999999851
University of Klagenfurt,29.999999999999787,30.000000000000114,30.000000000000057,2.5000000000000213,7.499999999999936
Kyung Hee University,29.99999999999993,30.000000000000227,29.99999999999998,2.499999999999936,7.499999999999986
University of Liège,30.000000000000036,29.999999999999943,30.000000000000025,2.499999999999993,7.499999999999961
University of Macau,30.000000000000036,29.99999999999998,29.99999999999998,2.5,7.499999999999982
University of Malaya,29.999999999999915,30.000000000000213,30.000000000000007,2.4999999999998863,7.499999999999993
University of Marburg,29.9999999999999,30.000000000000085,30.000000000000036,2.5000000000000426,7.500000000000028
Maynooth University,30.000000000000004,30.00000000000017,30.0,2.4999999999998295,7.499999999999957
University of Milan,30.000000000000156,29.999999999999787,30.00000000000002,2.500000000000128,7.499999999999968
Montpellier University,29.99999999999997,29.999999999999915,29.99999999999999,2.500000000000142,7.499999999999957
Nagoya University,29.9999999999999,30.0000000000002,29.999999999999957,2.4999999999999054,7.500000000000014
University of Newcastle,30.000000000000142,29.999999999999773,30.000000000000014,2.5000000000000924,7.499999999999936
University of New Mexico (Main campus),29.999999999999943,30.000000000000092,30.000000000000007,2.499999999999993,7.500000000000021
North Carolina State University,30.000000000000114,29.99999999999988,30.000000000000007,2.5000000000000533,7.499999999999993
Nova Southeastern University,30.00000000000011,30.00000000000003,29.999999999999986,2.499999999999879,7.500000000000007
Osaka University,29.999999999999943,30.000000000000142,30.00000000000003,2.499999999999943,7.499999999999982
Politecnico di Milano,29.999999999999844,30.000000000000284,30.0,2.4999999999999716,7.5
Reykjavík University,30.00000000000007,30.000000000000043,30.000000000000057,2.5000000000001563,7.499999999999844
Rush University,30.000000000000014,30.000000000000057,29.99999999999998,2.5,7.49999999999994
Southern University of Science and Technology (SUSTech),29.99999999999993,30.000000000000085,30.00000000000002,2.500000000000062,7.500000000000007
Stony Brook University,30.000000000000142,30.000000000000014,29.999999999999964,2.499999999999863,7.499999999999979
Swedish University of Agricultural Sciences,30.0000000000001,29.999999999999844,30.000000000000007,2.5000000000000164,7.49999999999995
University of Tartu,30.000000000000014,30.000000000000092,30.0,2.500000000000007,7.499999999999993
University of Tasmania,29.999999999999908,30.000000000000192,30.00000000000003,2.4999999999999574,7.4999999999999964
Temple University,30.000000000000018,30.000000000000057,29.99999999999998,2.4999999999999076,7.500000000000021
The University of Tennessee-Knoxville,30.000000000000128,29.99999999999981,30.000000000000018,2.500000000000128,7.499999999999918
University of Texas at Dallas,30.00000000000002,29.999999999999904,29.999999999999993,2.5000000000000338,7.499999999999979
University of Trento,30.000000000000057,29.999999999999986,29.999999999999964,2.5000000000000373,7.500000000000021
Tulane University,29.999999999999993,29.99999999999997,30.000000000000025,2.4999999999999645,7.499999999999972
Umeå University,30.0,30.0,30.00000000000001,2.5000000000000284,7.499999999999993
United Arab Emirates University,29.999999999999858,30.0,30.000000000000036,2.5000000000000284,7.5
Università della Svizzera Italiana,30.000000000000114,30.0,30.00000000000005,2.499999999999986,7.49999999999995
University College Cork,30.00000000000017,29.99999999999997,29.999999999999982,2.5000000000000284,7.499999999999936
Victoria University,30.00000000000003,29.999999999999943,30.000000000000018,2.5000000000000355,7.5
University of Alaska Fairbanks,30.000000000000213,30.0,30.00000000000001,2.499999999999968,7.500000000000021
American University of Beirut,30.00000000000007,29.999999999999943,30.00000000000001,2.5,7.500000000000028
Australian Catholic University,30.000000000000043,30.0,30.000000000000032,2.500000000000014,7.5
Babol Noshirvani University of Technology,29.999999999999858,30.000000000000114,30.00000000000001,2.5000000000000426,7.5000000000000036
University of Bayreuth,29.999999999999915,30.000000000000057,30.00000000000002,2.4999999999999574,7.500000000000007
