university_name,teaching,research,citations,income,international
University of Oxford,30.00000000000057,29.999999999999545,30.0,2.5000000000000853,7.500000000000227
California Institute of Technology,31.28265871040778,28.69599661874794,29.88454690008757,2.701290187027249,7.52673434487474
University of Cambridge,29.999999999999886,30.000000000000114,30.000000000000114,2.5000000000000284,7.499999999999886
Stanford University,30.000000000000227,29.999999999999773,29.999999999999943,2.5000000000000426,7.500000000000114
Massachusetts Institute of Technology,30.000000000000227,29.999999999999773,29.99999999999983,2.5000000000000284,7.500000000000114
Princeton University,29.999999999999886,30.000000000000114,30.00000000000017,2.500000000000071,7.499999999999773
Harvard University,29.999999999999886,30.0,30.0,2.5000000000000213,7.499999999999943
Yale University,29.999999999999773,30.000000000000057,30.0,2.4999999999999147,7.5
The University of Chicago,30.0,30.0,30.000000000000057,2.5,7.500000000000057
Imperial College London,29.999999999999886,30.0,30.000000000000114,2.4999999999999147,7.499999999999943
University of Pennsylvania,29.999999999999886,30.000000000000227,30.0,2.4999999999999716,7.499999999999943
Johns Hopkins University,30.000000000000114,29.99999999999983,29.999999999999943,2.4999999999999716,7.5000000000001705
University of California,30.000000000000057,29.999999999999943,29.999999999999915,2.5,7.500000000000057
ETH Zurich,29.999999999999773,30.000000000000114,30.0,2.4999999999999147,7.500000000000057
UCL,30.0,30.000000000000114,30.0,2.5,7.499999999999943
Columbia University,29.999999999999886,30.000000000000114,30.000000000000114,2.500000000000057,7.4999999999998295
University of California,30.000000000000313,29.999999999999886,29.9999999999998,2.499999999999986,7.500000000000114
University of Toronto,29.999999999999773,30.000000000000114,29.999999999999943,2.500000000000007,7.500000000000114
Cornell University,29.999999999999943,30.0,29.999999999999943,2.5000000000000497,7.5
Duke University,29.999999999999886,30.000000000000227,30.000000000000114,2.4999999999999716,7.499999999999886
University of Michigan-Ann Arbor,30.000000000000227,29.999999999999872,30.0,2.5000000000000284,7.500000000000057
Northwestern University,30.0,29.999999999999886,29.999999999999844,2.500000000000014,7.500000000000028
Tsinghua University,30.0,29.999999999999886,29.99999999999983,2.5000000000000284,7.500000000000114
Peking University,29.999999999999886,30.000000000000227,29.999999999999886,2.4999999999999716,7.500000000000114
National University of Singapore,29.999999999999773,30.000000000000227,30.000000000000057,2.5,7.499999999999886
University of Washington,30.00000000000003,29.999999999999837,29.99999999999993,2.5,7.500000000000057
Carnegie Mellon University,30.0,29.999999999999943,30.0,2.5000000000000426,7.499999999999886
London School of Economics and Political Science,29.999999999999545,30.000000000000227,30.000000000000114,2.5000000000000284,7.499999999999773
New York University,29.999999999999886,30.0,29.999999999999886,2.499999999999986,7.500000000000057
University of Edinburgh,30.000000000000114,29.999999999999886,29.999999999999943,2.5,7.5
University of California,30.00000000000003,29.99999999999997,29.99999999999998,2.4999999999999574,7.500000000000071
LMU Munich,29.999999999999886,30.0,29.999999999999943,2.499999999999943,7.500000000000057
University of Melbourne,29.999999999999773,30.000000000000114,30.000000000000057,2.4999999999999716,7.499999999999886
University of British Columbia,30.000000000000114,30.0,30.0,2.5000000000000284,7.5
University of Hong Kong,29.999999999999886,30.0,30.0,2.4999999999998863,7.499999999999886
King’s College London,30.0,30.000000000000227,30.0,2.4999999999999574,7.500000000000114
The University of Tokyo,29.999999999999773,30.000000000000227,29.999999999999943,2.5,7.499999999999943
École Polytechnique Fédérale de Lausanne,30.000000000000057,30.000000000000057,29.99999999999997,2.499999999999943,7.5
Georgia Institute of Technology,30.000000000000114,30.0,30.0,2.4999999999999716,7.5
University of Texas at Austin,29.99999999999993,30.000000000000128,30.000000000000057,2.499999999999986,7.5
Karolinska Institute,29.999999999999943,30.00000000000017,30.0,2.4999999999999716,7.5
McGill University,30.00000000000034,29.999999999999773,29.999999999999886,2.5000000000000284,7.500000000000057
Technical University of Munich,29.999999999999773,30.000000000000227,30.000000000000057,2.499999999999929,7.500000000000057
Heidelberg University,30.000000000000114,29.999999999999773,29.999999999999943,2.5,7.500000000000114
KU Leuven,30.000000000000114,29.999999999999773,29.999999999999886,2.4999999999999716,7.5000000000001705
Paris Sciences et Lettres – PSL Research University Paris,29.999999999999773,30.000000000000455,30.000000000000114,2.4999999999999147,7.499999999999886
The Hong Kong University of Science and Technology,29.999999999999886,30.000000000000114,30.0,2.499999999999943,7.500000000000057
University of Illinois at Urbana-Champaign,29.99999999999997,29.999999999999993,30.000000000000014,2.500000000000014,7.499999999999943
Nanyang Technological University,30.0,29.999999999999886,30.000000000000114,2.500000000000057,7.499999999999943
Australian National University,30.000000000000227,29.999999999999773,30.0,2.5,7.500000000000057
University of Wisconsin-Madison,30.0,29.999999999999943,29.999999999999943,2.4999999999999574,7.500000000000028
Washington University in St Louis,30.0,29.999999999999943,30.000000000000057,2.5000000000000426,7.499999999999886
Brown University,29.999999999999773,30.00000000000034,30.0,2.4999999999999147,7.500000000000114
University of North Carolina at Chapel Hill,30.000000000000227,29.999999999999815,29.999999999999922,2.5000000000000426,7.500000000000149
University of California,30.000000000000114,29.99999999999983,30.000000000000057,2.500000000000071,7.499999999999886
University of Manchester,29.999999999999886,30.000000000000227,30.000000000000057,2.5,7.499999999999943
University of California,29.999999999999957,30.000000000000085,30.000000000000014,2.500000000000014,7.499999999999915
Chinese University of Hong Kong,30.000000000000227,30.0,29.999999999999943,2.5000000000000284,7.5000000000001705
Wageningen University & Research,29.999999999999886,30.000000000000114,30.0,2.5000000000000284,7.499999999999943
University of Sydney,29.999999999999943,29.999999999999943,29.999999999999943,2.4999999999999716,7.500000000000028
Boston University,29.999999999999943,29.999999999999943,29.999999999999986,2.5000000000000284,7.500000000000028
University of Amsterdam,30.000000000000014,29.99999999999997,30.00000000000003,2.500000000000014,7.499999999999957
University of Southern California,30.0000000000002,29.99999999999997,30.000000000000085,2.4999999999999574,7.499999999999929
Seoul National University,29.9999999999998,30.000000000000085,30.00000000000003,2.4999999999999716,7.499999999999986
Kyoto University,30.0,30.0,30.00000000000003,2.5,7.5
The University of Queensland,29.999999999999943,30.000000000000142,30.00000000000003,2.5,7.499999999999986
Delft University of Technology,30.0,29.99999999999997,29.999999999999943,2.4999999999999574,7.500000000000043
Leiden University,30.000000000000057,29.99999999999997,30.000000000000014,2.5,7.500000000000014
Erasmus University Rotterdam,29.999999999999858,30.000000000000075,30.0,2.5,7.5
Ohio State University (Main campus),29.99999999999983,30.000000000000114,29.999999999999986,2.5000000000000284,7.5
UNSW Sydney,30.000000000000114,29.999999999999886,30.0,2.5000000000000213,7.499999999999957
McMaster University,29.999999999999886,30.000000000000057,29.99999999999997,2.4999999999999893,7.500000000000028
University of Groningen,29.999999999999943,30.000000000000043,30.00000000000003,2.499999999999993,7.499999999999957
Humboldt University of Berlin,30.0,30.0,30.0,2.4999999999999503,7.499999999999986
Monash University,30.000000000000057,29.99999999999997,30.0,2.500000000000007,7.5
Utrecht University,29.999999999999886,30.000000000000064,30.000000000000114,2.500000000000014,7.4999999999999645
University of Warwick,30.000000000000057,29.999999999999886,29.99999999999997,2.5000000000000426,7.5
Penn State (Main campus),30.000000000000114,29.999999999999886,29.99999999999993,2.500000000000057,7.500000000000028
University of Minnesota,30.0,30.000000000000057,29.999999999999986,2.4999999999999645,7.500000000000021
Charité - Universitätsmedizin Berlin,30.000000000000114,29.999999999999943,30.00000000000003,2.5000000000000213,7.49999999999995
Emory University,30.0,29.99999999999997,30.00000000000003,2.5,7.500000000000014
University of Science and Technology of China,29.999999999999943,29.999999999999957,29.999999999999986,2.5,7.499999999999979
Sorbonne University,30.0,30.00000000000012,29.999999999999957,2.499999999999943,7.500000000000028
Michigan State University,29.999999999999886,30.000000000000135,29.999999999999986,2.4999999999999716,7.500000000000043
University of Montreal,30.0,30.000000000000085,30.000000000000014,2.5,7.500000000000014
University of Freiburg,30.0,29.99999999999997,29.999999999999986,2.5000000000000355,7.500000000000071
University of Bristol,30.000000000000057,30.000000000000032,30.0,2.499999999999929,7.500000000000028
Purdue University West Lafayette,30.000000000000057,29.999999999999922,29.999999999999943,2.5,7.500000000000014
Sungkyunkwan University (SKKU),29.999999999999943,30.000000000000057,30.00000000000003,2.499999999999986,7.500000000000014
University of Zurich,30.0,30.000000000000014,30.00000000000003,2.4999999999999574,7.5
University of Maryland,29.999999999999936,30.00000000000003,30.000000000000064,2.500000000000014,7.499999999999993
University of Tübingen,30.000000000000114,29.999999999999943,29.999999999999986,2.5,7.5
École Polytechnique,30.00000000000017,29.999999999999886,29.99999999999993,2.4999999999999716,7.500000000000021
University of Basel,30.00000000000003,29.999999999999943,30.000000000000043,2.500000000000007,7.499999999999954
Dartmouth College,30.000000000000085,29.999999999999943,29.99999999999998,2.500000000000057,7.499999999999993
University of California,30.000000000000085,29.999999999999943,29.999999999999993,2.4999999999999574,7.499999999999989
University of Helsinki,30.00000000000003,30.000000000000078,29.999999999999993,2.4999999999999574,7.500000000000057
Lund University,29.99999999999997,30.000000000000085,29.999999999999957,2.499999999999986,7.499999999999986
University of Glasgow,29.99999999999997,30.000000000000057,30.000000000000014,2.500000000000007,7.499999999999972
RWTH Aachen University,30.0000000000002,29.99999999999983,29.999999999999964,2.5000000000000284,7.50000000000005
University of Copenhagen,29.999999999999943,29.99999999999997,29.999999999999993,2.499999999999943,7.5000000000000355
Georgetown University,29.99999999999997,29.999999999999943,30.00000000000003,2.500000000000057,7.499999999999975
Uppsala University,29.999999999999986,30.00000000000003,30.000000000000014,2.5000000000000284,7.499999999999982
University of Arizona,30.00000000000017,29.999999999999915,29.999999999999964,2.5000000000000426,7.500000000000011
University of Bonn,29.999999999999915,30.0,29.999999999999986,2.499999999999986,7.5000000000000036
Rice University,30.000000000000142,30.00000000000003,29.99999999999995,2.499999999999929,7.5
University of Virginia (Main campus),29.999999999999915,30.000000000000057,30.0,2.499999999999986,7.5000000000000036
Zhejiang University,29.999999999999957,30.000000000000114,29.999999999999936,2.5000000000000284,7.500000000000014
Fudan University,30.00000000000003,29.999999999999915,29.99999999999995,2.4999999999999716,7.499999999999979
Korea Advanced Institute of Science and Technology (KAIST),30.00000000000017,29.999999999999943,29.999999999999957,2.499999999999986,7.499999999999968
Queen Mary University of London,30.000000000000085,30.00000000000003,29.999999999999993,2.4999999999999716,7.500000000000053
University of Birmingham,30.0,30.000000000000057,29.999999999999943,2.4999999999999964,7.500000000000021
University of Bern,29.999999999999858,30.00000000000007,29.999999999999986,2.5,7.5000000000000355
University of Pittsburgh-Pittsburgh campus,30.0,30.00000000000003,30.000000000000014,2.50000000000003,7.500000000000021
Aarhus University,30.00000000000003,29.99999999999997,29.99999999999993,2.4999999999999716,7.5000000000000355
Vanderbilt University,30.0000000000001,29.999999999999957,29.99999999999997,2.499999999999968,7.5000000000000355
Free University of Berlin,30.000000000000142,29.999999999999957,29.99999999999997,2.4999999999999645,7.500000000000014
University of Sheffield,30.0,30.000000000000014,29.999999999999957,2.5000000000000213,7.500000000000043
Case Western Reserve University,30.0,30.000000000000043,29.999999999999986,2.5,7.499999999999982
University of Adelaide,30.000000000000057,29.99999999999997,30.000000000000043,2.4999999999999645,7.499999999999972
National Taiwan University (NTU),30.00000000000012,29.99999999999997,29.99999999999997,2.499999999999986,7.5
University of Southampton,30.000000000000007,30.0,30.00000000000003,2.499999999999993,7.5
Ghent University,29.999999999999844,30.00000000000017,30.000000000000057,2.4999999999999574,7.499999999999936
University of Colorado Boulder,30.00000000000002,30.0,29.99999999999995,2.4999999999999574,7.500000000000021
University of Göttingen,30.0,30.00000000000017,29.999999999999943,2.4999999999999396,7.500000000000043
City University of Hong Kong,29.999999999999915,30.00000000000017,29.99999999999997,2.4999999999999645,7.499999999999972
Maastricht University,30.000000000000142,30.000000000000057,29.99999999999993,2.499999999999993,7.500000000000014
Radboud University Nijmegen,30.000000000000085,30.000000000000057,29.99999999999997,2.4999999999999716,7.499999999999979
University of York,30.000000000000078,30.00000000000017,29.999999999999872,2.499999999999968,7.500000000000021
University of Paris,29.999999999999943,30.000000000000092,30.00000000000003,2.499999999999986,7.499999999999972
University of Oslo,29.999999999999915,30.00000000000017,29.999999999999943,2.4999999999999645,7.5000000000000355
The University of Western Australia,30.0000000000002,29.99999999999983,29.999999999999957,2.499999999999943,7.499999999999986
Durham University,30.000000000000092,30.000000000000114,30.00000000000003,2.4999999999999574,7.500000000000007
Indiana University,30.000000000000107,29.99999999999983,30.00000000000003,2.500000000000014,7.4999999999999964
University of Vienna,29.999999999999844,30.000000000000114,30.0,2.4999999999999716,7.4999999999999645
University of Alberta,29.99999999999998,30.0,29.999999999999986,2.499999999999986,7.500000000000014
University of Cape Town,30.000000000000128,29.999999999999744,30.000000000000057,2.5000000000000284,7.499999999999982
Vrije Universiteit Amsterdam,29.999999999999943,30.000000000000057,30.00000000000003,2.499999999999993,7.499999999999989
Lancaster University,30.0,30.000000000000142,30.00000000000003,2.5000000000000284,7.499999999999943
Tufts University,30.00000000000024,29.999999999999943,29.99999999999997,2.4999999999999716,7.500000000000028
University of Ottawa,30.000000000000057,30.000000000000085,29.999999999999886,2.499999999999986,7.499999999999986
Ulm University,30.0,29.999999999999943,30.000000000000014,2.5000000000000497,7.499999999999972
Pompeu Fabra University,30.0,29.99999999999997,30.00000000000003,2.5000000000000284,7.499999999999972
University of Geneva,30.000000000000057,29.99999999999997,29.999999999999957,2.500000000000014,7.499999999999986
Nanjing University,29.999999999999943,30.000000000000114,29.999999999999943,2.5,7.500000000000043
University of Exeter,29.999999999999886,29.999999999999957,30.000000000000114,2.499999999999986,7.5
Pohang University of Science and Technology (POSTECH),30.000000000000227,29.999999999999943,29.99999999999997,2.5000000000000426,7.500000000000014
University of Sussex,30.00000000000017,30.00000000000007,29.999999999999915,2.4999999999999716,7.500000000000043
University of Hamburg,30.000000000000114,29.99999999999997,29.999999999999886,2.500000000000014,7.500000000000085
Sant’Anna School of Advanced Studies – Pisa,29.999999999999915,29.999999999999886,30.000000000000057,2.5000000000000497,7.499999999999986
Technical University of Berlin,29.99999999999997,30.000000000000036,29.999999999999957,2.500000000000014,7.5
Université Catholique de Louvain,29.99999999999997,30.000000000000057,29.99999999999997,2.500000000000014,7.500000000000043
University of Nottingham,30.00000000000017,29.999999999999957,29.99999999999993,2.4999999999999645,7.5
Scuola Normale Superiore di Pisa,30.000000000000078,30.00000000000003,30.0,2.4999999999999822,7.5
Arizona State University (Tempe),30.00000000000003,30.00000000000015,29.99999999999997,2.499999999999943,7.5
University of Leeds,30.000000000000085,30.000000000000135,29.999999999999872,2.499999999999954,7.500000000000057
Autonomous University of Barcelona,30.000000000000057,30.00000000000003,29.999999999999943,2.499999999999993,7.5
University of Cologne,29.999999999999886,30.0,29.999999999999915,2.4999999999999893,7.500000000000028
University of Mannheim,30.000000000000114,30.000000000000057,29.999999999999986,2.5000000000000178,7.500000000000057
University of Notre Dame,30.000000000000043,29.99999999999997,29.999999999999886,2.5000000000000107,7.499999999999957
Shanghai Jiao Tong University,29.999999999999957,30.00000000000012,30.000000000000007,2.499999999999961,7.500000000000007
TU Dresden,30.000000000000114,30.000000000000057,29.999999999999943,2.499999999999986,7.500000000000028
University of Würzburg,30.00000000000009,30.000000000000057,29.999999999999993,2.5000000000000107,7.500000000000014
Trinity College Dublin,30.000000000000014,30.000000000000057,30.000000000000057,2.5,7.499999999999989
University of Liverpool,29.999999999999943,30.0000000000002,29.99999999999997,2.4999999999999147,7.499999999999972
Bielefeld University,30.000000000000043,30.000000000000043,29.999999999999986,2.4999999999999716,7.500000000000014
University of Leicester,29.999999999999957,29.999999999999915,29.99999999999995,2.5,7.500000000000014
University of Aberdeen,30.00000000000003,29.99999999999997,30.000000000000014,2.5000000000000284,7.5
University of Bologna,29.999999999999957,30.000000000000142,29.999999999999943,2.499999999999986,7.500000000000007
Rutgers,30.00000000000003,29.999999999999886,30.000000000000043,2.5000000000000213,7.500000000000043
Hong Kong Polytechnic University,30.00000000000003,29.999999999999915,30.00000000000002,2.5000000000000036,7.500000000000007
University of Alabama at Birmingham,30.0,30.000000000000085,30.000000000000007,2.4999999999999787,7.499999999999993
Northeastern University,30.000000000000085,30.000000000000043,29.99999999999993,2.499999999999936,7.500000000000007
University of Rochester,29.999999999999858,30.00000000000017,30.00000000000003,2.4999999999999574,7.499999999999972
University of Florida,29.999999999999943,30.00000000000017,30.000000000000007,2.4999999999999147,7.499999999999972
Karlsruhe Institute of Technology,30.000000000000085,30.000000000000114,29.999999999999943,2.499999999999943,7.499999999999993
Stockholm University,30.000000000000085,30.000000000000142,30.000000000000014,2.499999999999929,7.499999999999986
Texas A&M University,30.000000000000057,30.00000000000003,29.999999999999993,2.4999999999999574,7.500000000000007
University of Auckland,29.999999999999943,30.000000000000085,30.000000000000014,2.4999999999999716,7.500000000000014
University of California,30.0,30.0,29.999999999999915,2.500000000000057,7.500000000000014
Korea University,29.99999999999997,30.000000000000085,30.000000000000036,2.499999999999968,7.499999999999972
Queensland University of Technology,29.999999999999915,30.00000000000003,30.00000000000005,2.4999999999999787,7.49999999999995
University of Erlangen-Nuremberg,30.000000000000014,29.999999999999943,29.999999999999986,2.500000000000071,7.499999999999915
Aalto University,29.999999999999943,30.000000000000114,29.99999999999997,2.4999999999999574,7.499999999999957
Technical University of Denmark,29.999999999999993,30.000000000000057,30.000000000000135,2.499999999999808,7.499999999999972
Eindhoven University of Technology,30.000000000000057,30.0,30.000000000000014,2.4999999999999716,7.500000000000014
University of Gothenburg,30.000000000000156,30.000000000000085,29.99999999999995,2.499999999999929,7.5
Télécom Paris,30.00000000000003,30.000000000000227,29.99999999999993,2.499999999999936,7.499999999999972
Lomonosov Moscow State University,30.00000000000003,30.000000000000057,29.999999999999982,2.5,7.500000000000028
University of Münster,29.999999999999943,29.999999999999943,30.0,2.499999999999986,7.500000000000028
Tel Aviv University,30.00000000000003,30.00000000000003,30.0,2.500000000000014,7.500000000000014
University of East Anglia,30.000000000000114,30.000000000000057,29.999999999999986,2.4999999999999716,7.499999999999972
University of Canberra,29.999999999999943,29.999999999999943,29.999999999999986,2.499999999999986,7.500000000000014
University of Duisburg-Essen,30.0,30.000000000000057,30.000000000000057,2.5000000000000284,7.5
University of Technology Sydney,30.000000000000057,30.0,30.000000000000014,2.500000000000014,7.500000000000028
University of the Witwatersrand,30.000000000000114,30.000000000000114,29.999999999999943,2.4999999999999716,7.5
Yonsei University (Seoul campus),30.000000000000057,29.999999999999886,30.00000000000007,2.499999999999943,7.5
University of Antwerp,30.000000000000114,30.0,29.999999999999943,2.4999999999999574,7.499999999999986
Cardiff University,30.0,30.0,29.99999999999997,2.4999999999999716,7.5
George Washington University,30.00000000000003,29.999999999999886,30.00000000000003,2.5000000000000284,7.5
University of Lausanne,29.999999999999943,30.0,29.99999999999997,2.5000000000000284,7.500000000000057
University of St Andrews,30.000000000000057,30.000000000000057,29.999999999999943,2.4999999999999716,7.500000000000028
Aalborg University,30.000000000000057,30.000000000000114,29.99999999999995,2.4999999999999467,7.5000000000000355
University of Barcelona,30.0,29.999999999999915,30.0,2.4999999999999964,7.500000000000021
University of Bergen,30.000000000000114,29.99999999999997,30.000000000000014,2.499999999999993,7.500000000000014
Brandeis University,30.0,30.000000000000057,29.999999999999986,2.4999999999999787,7.5000000000000036
University of Calgary,29.999999999999943,30.0,29.99999999999997,2.500000000000014,7.500000000000007
Copenhagen Business School,30.0,30.0000000000002,29.999999999999922,2.4999999999999787,7.499999999999993
University of Dundee,29.999999999999915,29.999999999999943,30.000000000000085,2.500000000000032,7.500000000000014
École Normale Supérieure de Lyon,29.999999999999943,30.000000000000057,29.99999999999998,2.4999999999999716,7.5
Griffith University,30.000000000000114,29.99999999999983,30.000000000000014,2.500000000000014,7.500000000000021
University of Hawai’i at Mānoa,30.000000000000057,30.0,30.0,2.4999999999999893,7.500000000000028
Hebrew University of Jerusalem,29.999999999999915,29.999999999999943,30.00000000000003,2.4999999999999787,7.500000000000014
University of Hohenheim,29.999999999999943,29.999999999999886,29.99999999999993,2.5,7.500000000000007
Howard University,30.000000000000057,30.000000000000078,29.99999999999997,2.4999999999999574,7.5000000000000036
University of Iowa,30.0,30.000000000000227,29.99999999999997,2.4999999999999076,7.500000000000028
James Cook University,29.999999999999886,30.00000000000003,30.00000000000001,2.4999999999999822,7.500000000000016
King Abdulaziz University,29.99999999999983,30.00000000000003,30.000000000000057,2.4999999999998934,7.500000000000085
University of Konstanz,30.000000000000057,29.999999999999886,30.0,2.500000000000007,7.499999999999986
KTH Royal Institute of Technology,30.0,30.000000000000114,29.999999999999993,2.499999999999986,7.49999999999995
Université Libre de Bruxelles,30.0,29.999999999999858,29.999999999999986,2.500000000000025,7.499999999999972
University of Luxembourg,29.999999999999886,30.0,30.0,2.499999999999986,7.499999999999986
Macquarie University,30.0,30.000000000000114,30.0,2.4999999999999503,7.5
University of Massachusetts,29.999999999999943,30.000000000000114,30.00000000000003,2.499999999999943,7.499999999999972
Medical University of Graz,30.000000000000114,29.999999999999886,30.00000000000003,2.4999999999999787,7.500000000000057
Medical University of Vienna,30.00000000000003,30.000000000000185,29.999999999999986,2.4999999999999574,7.5
University of Miami,29.999999999999943,30.00000000000007,30.0,2.499999999999993,7.500000000000021
Moscow Institute of Physics and Technology (MIPT),29.999999999999957,29.999999999999943,30.000000000000014,2.4999999999999964,7.5
Newcastle University,30.000000000000114,30.000000000000057,29.999999999999915,2.4999999999999716,7.499999999999986
University of Otago,30.000000000000057,30.000000000000085,29.999999999999986,2.4999999999999787,7.499999999999972
University of Padua,29.999999999999886,30.000000000000114,29.999999999999986,2.4999999999999574,7.500000000000021
Paris-Sud University,29.999999999999943,30.000000000000114,30.000000000000057,2.4999999999999574,7.500000000000014
Queen’s University Belfast,30.0,30.0,29.999999999999957,2.4999999999999467,7.499999999999979
RCSI University of Medicine and Health Sciences,30.000000000000057,30.000000000000057,30.0,2.4999999999999716,7.500000000000028
University of Reading,29.999999999999886,30.00000000000017,30.00000000000003,2.499999999999929,7.5
St George’s,30.000000000000114,30.0,30.0,2.500000000000014,7.5
University of South Florida (Tampa),30.000000000000057,30.000000000000057,30.00000000000003,2.499999999999993,7.500000000000043
Tilburg University,30.000000000000057,30.000000000000114,29.99999999999993,2.499999999999993,7.499999999999972
University of Twente,30.000000000000057,29.999999999999886,30.0,2.5000000000000036,7.500000000000024
Ulsan National Institute of Science and Technology (UNIST),30.0,30.00000000000017,30.000000000000014,2.4999999999999503,7.499999999999972
University College Dublin,30.000000000000057,30.00000000000017,30.000000000000043,2.4999999999999556,7.499999999999972
University of Utah,30.000000000000057,30.000000000000057,29.999999999999986,2.5,7.500000000000014
Virginia Polytechnic Institute and State University,30.0,29.999999999999773,30.00000000000003,2.5000000000000107,7.499999999999993
Vita-Salute San Raffaele University,30.0,30.000000000000057,30.0,2.499999999999968,7.499999999999972
Vrije Universiteit Brussel,30.000000000000085,30.000000000000057,30.0,2.4999999999999645,7.5
Wake Forest University,29.999999999999943,30.00000000000012,29.999999999999943,2.4999999999999716,7.499999999999993
University of Waterloo,30.000000000000057,30.000000000000114,29.99999999999997,2.500000000000014,7.499999999999989
Western University,29.999999999999943,29.999999999999915,30.0,2.500000000000071,7.500000000000028
William & Mary,29.999999999999773,30.000000000000043,30.00000000000017,2.500000000000007,7.500000000000057
University of Wollongong,30.00000000000017,30.000000000000057,29.99999999999997,2.499999999999954,7.499999999999993
Alfaisal University,29.999999999999716,30.000000000000313,30.000000000000043,2.4999999999999645,7.499999999999993
Auckland University of Technology,29.999999999999943,30.000000000000227,29.999999999999964,2.499999999999993,7.499999999999979
Autonomous University of Madrid,30.00000000000005,29.99999999999988,30.000000000000004,2.500000000000057,7.5
University of Bath,29.999999999999943,29.999999999999773,29.999999999999947,2.5000000000000284,7.5
Brighton and Sussex Medical School,29.999999999999943,30.000000000000085,30.000000000000004,2.5000000000000284,7.499999999999989
University at Buffalo,30.000000000000142,29.999999999999886,30.000000000000036,2.499999999999929,7.500000000000007
University of California,29.999999999999943,30.00000000000003,30.0,2.500000000000128,7.499999999999886
Chalmers University of Technology,29.999999999999602,30.000000000000398,30.000000000000085,2.500000000000057,7.499999999999957
University of Cincinnati,29.999999999999943,30.000000000000227,29.99999999999993,2.5000000000000853,7.499999999999943
Curtin University,30.000000000000057,30.0,29.999999999999908,2.5000000000000995,7.500000000000021
Dalhousie University,29.999999999999943,30.000000000000114,30.000000000000036,2.4999999999999574,7.5
University of Delaware,30.00000000000003,30.00000000000003,30.000000000000014,2.5000000000000426,7.499999999999931
École des Ponts ParisTech,29.99999999999994,29.999999999999943,30.000000000000007,2.4999999999999716,7.50000000000005
University of Essex,29.99999999999966,30.000000000000398,29.99999999999994,2.4999999999999574,7.499999999999975
Flinders University,29.999999999999943,30.000000000000057,30.000000000000007,2.5000000000000284,7.499999999999957
Florida State University,29.99999999999983,30.000000000000284,29.999999999999986,2.499999999999986,7.5
George Mason University,29.999999999999773,30.00000000000017,30.000000000000007,2.5000000000000284,7.499999999999993
Heriot-Watt University,29.999999999999986,30.00000000000003,29.99999999999992,2.5000000000000284,7.500000000000028
HSE University,29.999999999999943,29.99999999999997,30.00000000000003,2.4999999999999503,7.499999999999972
University of Illinois at Chicago,30.00000000000003,29.999999999999886,29.999999999999982,2.5000000000000213,7.499999999999993
University of Kiel,30.000000000000114,29.999999999999773,29.99999999999998,2.500000000000057,7.499999999999993
La Trobe University,29.999999999999886,30.0000000000002,29.999999999999982,2.4999999999999645,7.499999999999972
Université Laval,30.00000000000003,30.000000000000036,29.99999999999996,2.499999999999986,7.500000000000007
Macau University of Science and Technology,29.99999999999997,30.000000000000142,29.99999999999997,2.5,7.5000000000000036
Medical University of Innsbruck,30.000000000000135,29.999999999999872,29.99999999999997,2.5000000000000426,7.500000000000057
National University of Ireland,30.000000000000085,30.0,29.999999999999993,2.499999999999986,7.500000000000007
University of Navarra,30.00000000000017,30.000000000000114,30.0,2.4999999999999716,7.500000000000021
University of Oregon,30.000000000000227,29.999999999999858,29.999999999999964,2.4999999999999716,7.500000000000027
Oregon Health and Science University,29.999999999999872,30.000000000000185,29.999999999999993,2.4999999999999574,7.49999999999995
University of Oulu,30.00000000000003,29.9999999999998,30.000000000000004,2.500000000000064,7.500000000000006
University of Passau,29.999999999999943,30.000000000000085,29.99999999999997,2.4999999999999716,7.499999999999972
University of Potsdam,30.0,30.000000000000398,30.000000000000014,2.499999999999943,7.499999999999979
Queen’s University,30.000000000000057,29.999999999999943,30.000000000000007,2.5000000000000853,7.4999999999999645
Royal Holloway,30.0,30.000000000000114,29.999999999999957,2.500000000000071,7.500000000000039
Ruhr University Bochum,30.000000000000114,29.999999999999943,29.999999999999993,2.499999999999986,7.500000000000014
University of São Paulo,29.999999999999943,30.000000000000227,29.999999999999982,2.499999999999922,7.5
Sapienza University of Rome,29.999999999999716,30.000000000000313,30.000000000000142,2.499999999999865,7.499999999999961
Simon Fraser University,30.000000000000057,30.0,29.999999999999996,2.499999999999993,7.499999999999979
University of South Australia,30.00000000000017,30.0,30.0,2.499999999999922,7.500000000000114
University of Southern Denmark,29.999999999999886,30.000000000000227,30.000000000000043,2.499999999999929,7.499999999999979
Stellenbosch University,29.99999999999997,30.000000000000142,30.00000000000003,2.4999999999999787,7.499999999999971
University of Stuttgart,30.00000000000003,30.000000000000057,30.000000000000014,2.499999999999993,7.500000000000014
Sun Yat-sen University,29.999999999999915,30.000000000000014,30.000000000000004,2.5000000000000213,7.499999999999968
University of Surrey,29.999999999999858,30.000000000000256,29.999999999999993,2.5000000000000213,7.499999999999982
Swansea University,29.999999999999886,30.0,30.00000000000002,2.500000000000007,7.499999999999972
Syracuse University,30.000000000000156,30.000000000000043,29.999999999999993,2.500000000000071,7.500000000000011
Tampere University,30.0,29.999999999999915,29.999999999999993,2.5000000000000853,7.499999999999993
Technical University of Darmstadt,29.999999999999837,30.000000000000142,30.00000000000003,2.4999999999999716,7.500000000000011
Tohoku University,29.99999999999966,30.000000000000398,30.000000000000014,2.4999999999999716,7.49999999999995
Tokyo Institute of Technology,29.99999999999993,30.000000000000057,30.000000000000025,2.499999999999943,7.499999999999975
Western Sydney University,29.999999999999716,30.000000000000057,30.000000000000014,2.5000000000000284,7.499999999999979
Aix-Marseille University,30.000000000000078,29.999999999999773,30.000000000000025,2.500000000000039,7.499999999999982
Anglia Ruskin University ARU,29.99999999999983,30.00000000000017,30.00000000000003,2.4999999999999716,7.50000000000003
Beijing Normal University,30.00000000000003,30.000000000000057,29.99999999999995,2.499999999999986,7.500000000000057
Boston College,30.0,29.999999999999943,30.00000000000002,2.5000000000000284,7.49999999999997
University of Canterbury,30.000000000000142,29.999999999999886,30.000000000000053,2.499999999999993,7.49999999999995
Colorado School of Mines,29.999999999999915,29.999999999999943,30.000000000000007,2.5000000000000284,7.5
Cyprus University of Technology,30.0000000000002,30.0,29.99999999999985,2.5000000000001705,7.499999999999989
Deakin University,30.0,29.999999999999886,30.0,2.5000000000000355,7.500000000000014
University of Fribourg,29.999999999999886,29.999999999999915,30.000000000000057,2.500000000000007,7.499999999999925
Goethe University Frankfurt,30.000000000000085,30.00000000000003,30.000000000000007,2.5000000000000213,7.500000000000014
Grenoble Alpes University,30.00000000000003,30.00000000000017,29.999999999999957,2.5,7.500000000000018
Huazhong University of Science and Technology,29.999999999999844,30.000000000000014,30.0,2.5000000000000284,7.500000000000018
Indian Institute of Science,30.0,30.000000000000114,30.000000000000004,2.5000000000000284,7.4999999999999645
Indian Institute of Technology Ropar,30.00000000000003,30.000000000000057,29.999999999999996,2.5000000000000284,7.500000000000014
Jacobs University,30.0000000000001,30.000000000000007,29.999999999999957,2.5,7.499999999999961
Johannes Gutenberg University of Mainz,29.999999999999936,30.0000000000001,29.999999999999986,2.500000000000007,7.500000000000041
University of Klagenfurt,30.000000000000163,29.999999999999915,29.99999999999999,2.5000000000000355,7.499999999999979
Kyung Hee University,30.000000000000057,30.00000000000003,30.000000000000007,2.499999999999936,7.499999999999986
University of Liège,30.0,29.999999999999858,29.99999999999998,2.5000000000000995,7.5
University of Macau,29.999999999999943,30.0,30.0,2.5,7.500000000000028
University of Malaya,29.999999999999886,30.00000000000027,29.999999999999968,2.499999999999943,7.500000000000011
University of Marburg,30.00000000000003,29.99999999999997,30.000000000000007,2.5000000000000213,7.500000000000014
Maynooth University,30.00000000000003,29.999999999999886,29.999999999999993,2.5,7.499999999999988
University of Milan,30.0000000000001,29.999999999999893,29.99999999999999,2.500000000000014,7.500000000000032
Montpellier University,29.999999999999815,30.000000000000057,30.000000000000004,2.499999999999993,7.5
Nagoya University,30.000000000000156,30.000000000000085,29.999999999999964,2.5000000000000284,7.5
University of Newcastle,29.999999999999915,29.999999999999943,30.00000000000002,2.500000000000014,7.5000000000000036
University of New Mexico (Main campus),29.99999999999966,30.000000000000227,30.000000000000036,2.5,7.499999999999972
North Carolina State University,30.000000000000085,30.0,29.999999999999975,2.5000000000000213,7.500000000000039
Nova Southeastern University,29.999999999999915,30.000000000000014,30.000000000000007,2.499999999999993,7.499999999999956
Osaka University,29.999999999999886,30.000000000000085,29.999999999999986,2.499999999999943,7.500000000000028
Politecnico di Milano,29.99999999999983,30.000000000000057,30.000000000000014,2.5,7.500000000000014
Reykjavík University,30.0,30.00000000000003,29.999999999999964,2.500000000000007,7.500000000000023
Rush University,29.99999999999983,30.000000000000114,30.000000000000014,2.5000000000000284,7.5
Southern University of Science and Technology (SUSTech),29.99999999999997,29.999999999999943,29.999999999999993,2.5000000000000213,7.500000000000025
Stony Brook University,30.000000000000156,29.99999999999983,30.0,2.5000000000000426,7.499999999999982
Swedish University of Agricultural Sciences,29.999999999999957,30.000000000000057,29.999999999999986,2.499999999999986,7.499999999999973
University of Tartu,30.000000000000114,29.999999999999943,29.999999999999986,2.4999999999999787,7.500000000000021
University of Tasmania,29.999999999999858,30.000000000000057,30.00000000000003,2.499999999999993,7.499999999999943
Temple University,29.999999999999815,30.0000000000002,30.000000000000004,2.499999999999993,7.499999999999986
The University of Tennessee-Knoxville,29.999999999999915,30.00000000000003,30.000000000000004,2.500000000000007,7.499999999999986
University of Texas at Dallas,30.00000000000003,30.000000000000114,30.00000000000003,2.4999999999999716,7.499999999999962
University of Trento,30.000000000000057,30.0,29.99999999999997,2.5000000000000284,7.500000000000019
Tulane University,30.000000000000114,29.999999999999858,29.999999999999993,2.5000000000000213,7.500000000000007
Umeå University,29.999999999999886,30.000000000000085,30.000000000000014,2.5000000000000107,7.500000000000021
United Arab Emirates University,30.000000000000114,29.99999999999995,29.999999999999986,2.5000000000000213,7.5000000000000036
Università della Svizzera Italiana,29.999999999999886,30.000000000000213,30.000000000000078,2.4999999999999716,7.499999999999972
University College Cork,29.999999999999794,30.000000000000114,29.999999999999964,2.500000000000007,7.5
Victoria University,29.999999999999943,30.000000000000057,30.0,2.500000000000014,7.500000000000014
University of Alaska Fairbanks,29.99999999999993,30.000000000000085,30.0,2.499999999999993,7.499999999999986
American University of Beirut,29.99999999999993,30.0,29.999999999999982,2.5,7.5000000000000036
Australian Catholic University,30.000000000000043,29.999999999999943,29.999999999999996,2.5000000000000355,7.500000000000028
Babol Noshirvani University of Technology,29.999999999999943,30.000000000000043,29.999999999999993,2.4999999999999787,7.5000000000000355
University of Bayreuth,29.999999999999744,30.000000000000085,30.000000000000025,2.499999999999986,7.5
Birkbeck,29.999999999999787,30.000000000000085,30.000000000000036,2.500000000000014,7.499999999999986
University of Bremen,30.000000000000085,29.999999999999915,30.0,2.499999999999986,7.499999999999972
Brunel University London,29.99999999999988,30.0,30.00000000000002,2.4999999999999787,7.5
University of California,29.99999999999983,30.000000000000078,30.000000000000025,2.4999999999999503,7.499999999999979
Catholic University of Portugal,30.000000000000043,30.000000000000085,30.0,2.500000000000014,7.499999999999989
Clark University,30.0,30.000000000000057,30.00000000000001,2.5000000000000213,7.499999999999989
University of Connecticut,30.0000000000002,30.0,29.999999999999943,2.5,7.5
University of Crete,29.9999999999999,30.0,30.000000000000007,2.500000000000007,7.500000000000028
University of Denver,29.999999999999886,29.999999999999886,29.999999999999986,2.500000000000071,7.500000000000014
