university_name,teaching,research,citations,income,international
University of Oxford,29.99999999999909,30.00000000000182,29.99999999999909,2.499999999999801,7.499999999999773
California Institute of Technology,29.999999999999545,30.000000000000455,29.999999999998863,2.4999999999999147,7.499999999999204
University of Cambridge,30.000000000000455,29.999999999998636,30.000000000001364,2.499999999999943,7.500000000000455
Stanford University,30.0,30.0,30.000000000000114,2.499999999999986,7.500000000000028
Massachusetts Institute of Technology,30.000000000000114,29.999999999999943,30.0000000000001,2.4999999999999147,7.499999999999915
Princeton University,29.999999999999886,30.000000000000284,29.999999999999943,2.499999999999943,7.500000000000028
Harvard University,29.99999999999983,29.999999999999943,29.999999999999986,2.500000000000057,7.500000000000114
Yale University,29.999999999999773,30.00000000000051,30.000000000000114,2.4999999999999716,7.4999999999999005
The University of Chicago,29.999999999999943,29.999999999999858,30.0000000000002,2.5000000000000284,7.500000000000043
Imperial College London,29.99999999999993,30.00000000000003,30.000000000000085,2.4999999999999076,7.499999999999886
University of Pennsylvania,29.999999999999716,30.0000000000002,30.000000000000057,2.5000000000000284,7.5
Johns Hopkins University,29.99999999999997,30.00000000000002,30.000000000000142,2.4999999999999574,7.499999999999858
University of California,30.00000000000034,29.999999999999886,30.000000000000085,2.4999999999999716,7.499999999999929
ETH Zurich,29.999999999999886,30.00000000000017,29.99999999999997,2.4999999999999005,7.500000000000028
UCL,30.000000000000455,29.999999999999943,29.999999999999922,2.4999999999999574,7.499999999999943
Columbia University,30.000000000000085,30.000000000000057,30.0,2.4999999999999716,7.5
University of California,30.000000000000057,30.000000000000114,30.0,2.499999999999929,7.499999999999979
University of Toronto,30.0,30.000000000000114,30.0,2.499999999999943,7.499999999999943
Cornell University,30.000000000000114,30.0,29.99999999999997,2.5000000000000355,7.499999999999986
Duke University,30.000000000000057,30.0,29.999999999999964,2.4999999999999574,7.5
University of Michigan-Ann Arbor,30.00000000000017,30.0,29.99999999999997,2.4999999999999645,7.499999999999986
Northwestern University,29.999999999999773,30.00000000000017,30.000000000000043,2.499999999999929,7.499999999999972
Tsinghua University,29.999999999999886,30.0,30.00000000000007,2.4999999999999716,7.5
Peking University,29.999999999999915,29.99999999999997,30.000000000000014,2.5000000000000213,7.499999999999986
National University of Singapore,29.999999999999773,29.99999999999997,30.000000000000036,2.4999999999999574,7.499999999999972
University of Washington,29.999999999999716,30.000000000000227,30.000000000000107,2.4999999999999645,7.499999999999911
Carnegie Mellon University,29.999999999999886,30.0,30.000000000000103,2.4999999999999787,7.500000000000014
London School of Economics and Political Science,30.000000000000114,30.000000000000085,30.000000000000014,2.499999999999986,7.499999999999929
New York University,29.999999999999886,30.0000000000002,30.00000000000005,2.5,7.499999999999936
University of Edinburgh,30.000000000000284,30.00000000000003,30.000000000000078,2.4999999999999716,7.5
University of California,29.999999999999886,30.000000000000085,29.999999999999993,2.500000000000014,7.5
LMU Munich,29.999999999999943,30.00000000000017,30.00000000000005,2.500000000000007,7.499999999999957
University of Melbourne,29.999999999999943,30.000000000000142,29.999999999999968,2.499999999999929,7.5
University of British Columbia,29.999999999999886,30.000000000000057,30.00000000000003,2.4999999999999716,7.499999999999957
University of Hong Kong,29.999999999999886,30.000000000000085,29.999999999999925,2.499999999999986,7.500000000000071
King’s College London,30.00000000000003,30.000000000000114,30.00000000000002,2.500000000000014,7.499999999999957
The University of Tokyo,29.999999999999773,30.000000000000284,30.00000000000003,2.5000000000000284,7.49999999999995
École Polytechnique Fédérale de Lausanne,30.000000000000114,30.0,30.000000000000014,2.499999999999936,7.499999999999957
Georgia Institute of Technology,29.99999999999983,30.0000000000002,30.0000000000001,2.4999999999999716,7.499999999999968
University of Texas at Austin,30.000000000000085,29.999999999999886,30.00000000000002,2.499999999999993,7.500000000000018
Karolinska Institute,29.999999999999915,29.99999999999993,30.00000000000007,2.5000000000000213,7.499999999999972
McGill University,30.000000000000085,30.0,30.000000000000036,2.499999999999943,7.49999999999995
Technical University of Munich,30.000000000000256,30.000000000000057,29.999999999999964,2.499999999999943,7.499999999999943
Heidelberg University,30.0000000000002,29.99999999999985,30.000000000000014,2.4999999999999147,7.5
KU Leuven,30.00000000000003,29.999999999999915,30.0,2.4999999999999964,7.5
Paris Sciences et Lettres – PSL Research University Paris,30.00000000000017,29.99999999999993,30.000000000000018,2.499999999999986,7.4999999999999645
The Hong Kong University of Science and Technology,29.99999999999997,30.000000000000128,29.99999999999999,2.499999999999943,7.499999999999957
University of Illinois at Urbana-Champaign,29.99999999999997,30.000000000000114,30.00000000000003,2.4999999999999716,7.500000000000011
Nanyang Technological University,29.999999999999886,30.0000000000001,30.000000000000036,2.499999999999975,7.499999999999936
Australian National University,30.0,30.000000000000114,29.999999999999993,2.4999999999999574,7.499999999999929
University of Wisconsin-Madison,30.0,30.00000000000003,30.000000000000014,2.5000000000000355,7.499999999999986
Washington University in St Louis,30.000000000000085,30.000000000000092,30.00000000000003,2.4999999999999503,7.499999999999982
Brown University,29.999999999999645,30.000000000000227,30.000000000000057,2.499999999999993,7.499999999999989
University of North Carolina at Chapel Hill,30.0,30.000000000000085,30.000000000000007,2.500000000000007,7.499999999999998
University of California,30.0000000000002,29.99999999999997,30.000000000000043,2.499999999999922,7.499999999999972
University of Manchester,29.99999999999997,30.000000000000043,30.000000000000053,2.499999999999986,7.499999999999947
University of California,30.000000000000057,29.99999999999997,30.000000000000057,2.4999999999999716,7.499999999999972
Chinese University of Hong Kong,30.000000000000114,29.999999999999872,30.000000000000036,2.4999999999999787,7.499999999999979
Wageningen University & Research,30.00000000000017,29.999999999999872,30.00000000000003,2.499999999999936,7.499999999999989
University of Sydney,29.999999999999943,30.000000000000085,30.000000000000043,2.4999999999999716,7.499999999999986
Boston University,30.0000000000002,29.999999999999957,30.000000000000014,2.5,7.499999999999982
University of Amsterdam,29.999999999999872,30.000000000000057,30.000000000000068,2.499999999999993,7.499999999999936
University of Southern California,30.0,29.99999999999993,30.00000000000003,2.4999999999999716,7.499999999999936
Seoul National University,30.000000000000256,29.99999999999993,29.99999999999998,2.4999999999999503,7.499999999999979
Kyoto University,29.999999999999943,30.000000000000057,30.00000000000005,2.499999999999986,7.499999999999993
The University of Queensland,30.000000000000014,29.99999999999996,30.00000000000002,2.5000000000000213,7.500000000000028
Delft University of Technology,29.9999999999998,30.0000000000002,29.999999999999964,2.5000000000000355,7.500000000000014
Leiden University,30.000000000000057,30.0,30.0,2.499999999999961,7.5
Erasmus University Rotterdam,29.999999999999858,30.000000000000114,29.99999999999999,2.5000000000000107,7.500000000000014
Ohio State University (Main campus),30.00000000000003,29.99999999999997,30.00000000000002,2.4999999999999645,7.499999999999993
UNSW Sydney,29.999999999999943,29.999999999999943,30.00000000000002,2.5000000000000355,7.500000000000043
McMaster University,30.000000000000114,29.999999999999943,30.000000000000014,2.5000000000000107,7.499999999999993
University of Groningen,30.000000000000142,29.99999999999983,30.000000000000057,2.500000000000014,7.4999999999999645
Humboldt University of Berlin,30.000000000000114,29.999999999999943,29.999999999999993,2.5000000000000284,7.500000000000028
Monash University,30.000000000000227,29.999999999999773,29.999999999999993,2.5000000000000036,7.499999999999986
Utrecht University,30.000000000000043,29.999999999999915,30.00000000000002,2.499999999999993,7.49999999999994
University of Warwick,30.000000000000057,30.0,30.000000000000046,2.499999999999961,7.499999999999957
Penn State (Main campus),29.999999999999886,29.999999999999943,30.0,2.4999999999999716,7.500000000000032
University of Minnesota,30.000000000000455,29.999999999999545,29.99999999999999,2.499999999999968,7.5
Charité - Universitätsmedizin Berlin,30.0000000000002,29.99999999999976,29.99999999999998,2.499999999999943,7.500000000000014
Emory University,29.999999999999886,30.000000000000114,30.0,2.5000000000000053,7.499999999999993
University of Science and Technology of China,30.0,30.000000000000256,29.999999999999993,2.4999999999999964,7.5
Sorbonne University,29.99999999999993,30.00000000000003,29.99999999999995,2.500000000000007,7.49999999999995
Michigan State University,30.000000000000057,30.000000000000114,29.99999999999999,2.4999999999999325,7.499999999999993
University of Montreal,30.000000000000114,29.999999999999943,29.99999999999997,2.500000000000007,7.499999999999979
University of Freiburg,30.000000000000057,29.999999999999943,30.00000000000003,2.4999999999999716,7.499999999999986
University of Bristol,30.0,30.000000000000114,30.00000000000001,2.5000000000000426,7.500000000000028
Purdue University West Lafayette,29.99999999999997,29.999999999999943,29.999999999999943,2.499999999999993,7.500000000000007
Sungkyunkwan University (SKKU),30.000000000000057,29.999999999999886,29.99999999999999,2.5000000000000355,7.500000000000032
University of Zurich,30.0,30.0,30.00000000000003,2.5,7.500000000000021
University of Maryland,30.00000000000017,29.9999999999998,29.999999999999957,2.499999999999993,7.500000000000071
University of Tübingen,29.999999999999915,30.000000000000227,29.99999999999998,2.499999999999993,7.4999999999999645
École Polytechnique,30.000000000000057,30.0,29.99999999999997,2.499999999999986,7.499999999999954
University of Basel,29.999999999999943,30.000000000000114,29.99999999999995,2.4999999999999716,7.5
Dartmouth College,29.999999999999943,30.000000000000057,29.999999999999993,2.5000000000000284,7.499999999999982
University of California,30.000000000000057,30.0,30.000000000000007,2.499999999999986,7.5
University of Helsinki,30.000000000000014,29.999999999999943,29.999999999999993,2.499999999999986,7.5000000000000355
Lund University,30.000000000000057,30.00000000000003,29.99999999999997,2.4999999999999574,7.499999999999989
University of Glasgow,30.000000000000057,29.999999999999943,30.000000000000014,2.5000000000000213,7.5
RWTH Aachen University,30.000000000000057,29.999999999999943,30.000000000000036,2.5,7.499999999999993
University of Copenhagen,29.999999999999915,30.00000000000017,29.99999999999997,2.4999999999999787,7.499999999999943
Georgetown University,30.000000000000114,29.999999999999915,29.999999999999975,2.5,7.500000000000007
Uppsala University,29.999999999999986,29.999999999999957,29.999999999999993,2.5000000000000355,7.500000000000021
University of Arizona,30.0,29.999999999999943,29.99999999999998,2.500000000000014,7.500000000000032
University of Bonn,30.0,30.0,30.00000000000003,2.5000000000000213,7.49999999999995
Rice University,30.00000000000003,30.0,29.999999999999993,2.4999999999999787,7.49999999999995
University of Virginia (Main campus),29.99999999999983,30.00000000000017,30.00000000000001,2.500000000000007,7.499999999999943
Zhejiang University,30.000000000000057,30.0,29.999999999999986,2.500000000000007,7.4999999999999645
Fudan University,30.0,30.000000000000057,29.999999999999975,2.5,7.499999999999986
Korea Advanced Institute of Science and Technology (KAIST),30.000000000000085,29.999999999999886,30.000000000000014,2.5000000000000284,7.4999999999999964
Queen Mary University of London,30.0,30.000000000000057,30.000000000000004,2.4999999999999503,7.499999999999993
University of Birmingham,30.00000000000003,30.000000000000085,30.000000000000043,2.5,7.500000000000043
University of Bern,30.000000000000043,30.000000000000057,29.99999999999993,2.4999999999999645,7.499999999999989
University of Pittsburgh-Pittsburgh campus,29.999999999999915,30.000000000000085,30.000000000000014,2.5,7.499999999999972
Aarhus University,30.00000000000007,30.00000000000003,30.00000000000001,2.5000000000000107,7.5
Vanderbilt University,30.0000000000001,29.99999999999998,30.000000000000014,2.4999999999999822,7.499999999999986
Free University of Berlin,30.000000000000142,29.999999999999844,30.000000000000036,2.5000000000000426,7.499999999999989
University of Sheffield,29.999999999999986,30.000000000000057,30.000000000000032,2.5,7.499999999999988
Case Western Reserve University,30.000000000000057,30.000000000000014,30.0,2.5,7.499999999999989
University of Adelaide,30.000000000000128,30.000000000000057,29.999999999999947,2.4999999999999503,7.499999999999982
National Taiwan University (NTU),30.000000000000142,29.999999999999744,30.00000000000003,2.499999999999986,7.500000000000028
University of Southampton,29.999999999999773,30.000000000000057,29.99999999999991,2.500000000000025,7.5000000000001705
Ghent University,30.00000000000007,29.999999999999886,30.000000000000014,2.5000000000000497,7.500000000000021
University of Colorado Boulder,30.000000000000114,29.999999999999957,29.99999999999998,2.4999999999999716,7.5000000000000355
University of Göttingen,30.000000000000014,30.000000000000114,30.000000000000014,2.500000000000014,7.5000000000000036
City University of Hong Kong,30.000000000000057,30.00000000000003,29.99999999999997,2.5,7.499999999999974
Maastricht University,29.999999999999915,30.000000000000014,30.000000000000014,2.500000000000007,7.499999999999975
Radboud University Nijmegen,30.000000000000142,29.99999999999983,30.000000000000004,2.499999999999993,7.50000000000005
University of York,29.9999999999998,30.000000000000128,29.999999999999975,2.5000000000000213,7.49999999999997
University of Paris,30.00000000000002,30.000000000000085,30.000000000000007,2.5000000000000213,7.500000000000043
University of Oslo,29.999999999999986,30.000000000000043,29.999999999999993,2.499999999999993,7.500000000000011
The University of Western Australia,29.999999999999872,29.999999999999986,29.99999999999997,2.5,7.50000000000006
Durham University,29.999999999999872,30.000000000000043,30.0,2.499999999999993,7.4999999999999964
Indiana University,30.000000000000014,30.000000000000014,29.999999999999954,2.4999999999999716,7.499999999999972
University of Vienna,29.99999999999997,30.00000000000017,29.999999999999975,2.4999999999999574,7.500000000000021
University of Alberta,30.000000000000085,29.99999999999997,30.00000000000003,2.4999999999998117,7.500000000000085
University of Cape Town,30.000000000000057,29.999999999999858,29.999999999999964,2.500000000000007,7.500000000000057
Vrije Universiteit Amsterdam,30.000000000000057,30.0,30.000000000000007,2.4999999999999805,7.500000000000057
Lancaster University,30.000000000000114,29.999999999999773,30.0,2.5000000000000293,7.5
Tufts University,29.999999999999844,30.000000000000128,29.999999999999986,2.500000000000023,7.5000000000000355
University of Ottawa,30.000000000000085,29.999999999999915,29.999999999999922,2.4999999999998606,7.500000000000178
Ulm University,30.000000000000057,29.999999999999915,29.999999999999908,2.5000000000000195,7.499999999999986
Pompeu Fabra University,29.999999999999943,30.000000000000085,30.000000000000043,2.499999999999921,7.500000000000057
University of Geneva,30.000000000000142,29.99999999999997,29.999999999999922,2.5000000000003073,7.499999999999851
Nanjing University,29.99999999999997,29.999999999999915,29.99999999999993,2.5000000000000995,7.500000000000014
University of Exeter,30.0,29.999999999999915,29.99999999999993,2.50000000000003,7.500000000000043
Pohang University of Science and Technology (POSTECH),30.00000000000003,30.00000000000003,30.0,2.5000000000000107,7.499999999999993
University of Sussex,30.000000000000085,29.999999999999886,30.00000000000002,2.500000000000033,7.500000000000014
University of Hamburg,30.0,30.000000000000085,30.0,2.4999999999999716,7.500000000000021
Sant’Anna School of Advanced Studies – Pisa,30.00000000000003,29.999999999999943,29.999999999999993,2.500000000000025,7.5000000000000355
Technical University of Berlin,30.000000000000057,30.0,29.999999999999993,2.4999999999999964,7.500000000000014
Université Catholique de Louvain,30.000000000000142,29.999999999999943,29.99999999999997,2.499999999999895,7.500000000000135
University of Nottingham,30.000000000000085,29.999999999999886,30.00000000000001,2.4999999999997904,7.500000000000181
Scuola Normale Superiore di Pisa,30.000000000000057,30.0,30.00000000000002,2.499999999999991,7.500000000000028
Arizona State University (Tempe),30.00000000000003,29.999999999999858,30.000000000000036,2.499999999999897,7.50000000000005
University of Leeds,30.00000000000017,29.999999999999943,29.99999999999997,2.5,7.500000000000028
Autonomous University of Barcelona,30.00000000000017,29.999999999999886,29.999999999999957,2.499999999999986,7.500000000000007
University of Cologne,29.999999999999915,30.00000000000003,29.999999999999986,2.5000000000000284,7.5
University of Mannheim,29.999999999999915,30.0,30.000000000000018,2.499999999999986,7.500000000000021
University of Notre Dame,30.0000000000002,29.99999999999983,29.999999999999993,2.5,7.500000000000014
Shanghai Jiao Tong University,30.000000000000114,29.999999999999773,29.999999999999993,2.5000000000000284,7.499999999999986
TU Dresden,30.000000000000142,29.999999999999915,30.000000000000004,2.5000000000000284,7.5
University of Würzburg,30.000000000000057,29.999999999999858,30.00000000000007,2.499999999999986,7.500000000000057
Trinity College Dublin,30.000000000000085,29.99999999999997,29.999999999999964,2.4999999999999574,7.5
University of Liverpool,30.000000000000085,29.999999999999915,29.999999999999986,2.500000000000014,7.500000000000007
Bielefeld University,29.999999999999886,30.00000000000003,29.99999999999998,2.5,7.500000000000043
University of Leicester,29.999999999999915,29.99999999999997,29.999999999999996,2.500000000000007,7.500000000000028
University of Aberdeen,30.00000000000003,29.99999999999997,29.999999999999993,2.4999999999999716,7.4999999999999964
University of Bologna,30.00000000000001,29.999999999999986,29.99999999999998,2.5,7.500000000000025
Rutgers,30.000000000000142,29.999999999999915,29.999999999999975,2.500000000000014,7.500000000000018
Hong Kong Polytechnic University,30.000000000000114,29.999999999999943,30.00000000000003,2.5,7.500000000000007
University of Alabama at Birmingham,29.999999999999986,29.999999999999844,30.00000000000002,2.5,7.500000000000009
Northeastern University,30.00000000000003,30.000000000000014,29.999999999999993,2.500000000000014,7.499999999999986
University of Rochester,30.0000000000002,29.999999999999957,29.99999999999997,2.500000000000014,7.499999999999972
University of Florida,30.000000000000057,29.99999999999997,29.999999999999993,2.500000000000014,7.499999999999986
Karlsruhe Institute of Technology,30.00000000000007,30.000000000000057,29.99999999999997,2.4999999999999787,7.500000000000021
Stockholm University,30.000000000000057,30.000000000000114,30.0,2.5000000000000426,7.499999999999865
Texas A&M University,30.000000000000057,29.999999999999858,29.999999999999993,2.500000000000014,7.500000000000018
University of Auckland,30.000000000000085,29.99999999999997,30.000000000000007,2.5000000000000213,7.4999999999999645
University of California,29.999999999999858,30.00000000000003,29.999999999999986,2.5,7.499999999999986
Korea University,30.000000000000014,30.000000000000057,30.0,2.499999999999993,7.5000000000000355
Queensland University of Technology,30.00000000000003,30.0,29.999999999999982,2.5000000000000213,7.500000000000021
University of Erlangen-Nuremberg,29.999999999999986,30.00000000000003,30.00000000000002,2.4999999999999787,7.499999999999989
Aalto University,30.0,30.000000000000057,29.99999999999995,2.499999999999986,7.500000000000007
Technical University of Denmark,30.00000000000003,30.00000000000003,29.99999999999997,2.5000000000000355,7.500000000000007
Eindhoven University of Technology,29.999999999999915,29.999999999999915,30.000000000000032,2.4999999999999645,7.500000000000028
University of Gothenburg,30.00000000000017,29.999999999999808,30.000000000000014,2.5000000000000284,7.500000000000028
Télécom Paris,30.000000000000057,30.000000000000007,29.999999999999943,2.4999999999999787,7.500000000000057
Lomonosov Moscow State University,29.99999999999997,29.999999999999908,29.999999999999957,2.500000000000014,7.499999999999972
University of Münster,30.0000000000002,29.999999999999943,30.0,2.4999999999999716,7.5
Tel Aviv University,30.0,29.999999999999886,30.000000000000036,2.500000000000014,7.5
University of East Anglia,30.000000000000085,29.999999999999943,29.999999999999957,2.499999999999986,7.499999999999972
University of Canberra,29.999999999999957,29.999999999999915,30.00000000000003,2.5000000000000284,7.5
University of Duisburg-Essen,29.999999999999943,30.00000000000003,30.0,2.5,7.500000000000043
University of Technology Sydney,30.0,30.000000000000014,30.000000000000014,2.4999999999999822,7.499999999999943
University of the Witwatersrand,30.000000000000114,29.999999999999957,29.999999999999993,2.4999999999999787,7.499999999999986
Yonsei University (Seoul campus),30.00000000000007,29.99999999999993,29.999999999999986,2.500000000000014,7.500000000000028
University of Antwerp,30.000000000000057,29.999999999999943,29.99999999999997,2.5,7.5
Cardiff University,29.999999999999943,30.00000000000003,30.000000000000057,2.4999999999999822,7.500000000000021
George Washington University,30.00000000000003,29.999999999999915,29.999999999999986,2.5000000000000355,7.500000000000014
University of Lausanne,30.00000000000003,30.0,29.999999999999886,2.499999999999943,7.499999999999972
University of St Andrews,29.999999999999943,30.0,29.999999999999957,2.500000000000007,7.499999999999986
Aalborg University,29.999999999999886,30.000000000000085,30.0,2.500000000000014,7.5
University of Barcelona,29.999999999999886,29.999999999999943,30.00000000000003,2.5000000000000284,7.500000000000007
University of Bergen,30.000000000000085,29.999999999999943,29.99999999999999,2.500000000000014,7.500000000000064
Brandeis University,29.999999999999957,30.000000000000114,29.99999999999994,2.5000000000000284,7.499999999999989
University of Calgary,29.99999999999997,29.99999999999988,30.0,2.499999999999993,7.500000000000039
Copenhagen Business School,30.000000000000043,29.99999999999993,29.99999999999996,2.5,7.500000000000028
University of Dundee,30.000000000000014,30.00000000000003,29.999999999999986,2.5000000000000284,7.499999999999984
École Normale Supérieure de Lyon,30.000000000000057,29.999999999999943,29.999999999999975,2.4999999999999574,7.500000000000007
Griffith University,29.9999999999999,30.000000000000156,29.999999999999986,2.5,7.499999999999982
University of Hawai’i at Mānoa,30.000000000000053,29.999999999999986,30.000000000000014,2.5000000000000284,7.500000000000025
Hebrew University of Jerusalem,30.0,30.000000000000114,30.0,2.4999999999999645,7.5
University of Hohenheim,30.000000000000057,29.999999999999943,29.999999999999993,2.5,7.500000000000021
Howard University,30.000000000000114,30.000000000000043,30.000000000000036,2.499999999999986,7.499999999999957
University of Iowa,29.999999999999943,30.000000000000064,30.000000000000043,2.5,7.499999999999975
James Cook University,29.99999999999995,29.999999999999915,29.99999999999999,2.499999999999929,7.499999999999986
King Abdulaziz University,30.0,30.000000000000007,30.000000000000018,2.500000000000039,7.500000000000012
University of Konstanz,30.000000000000057,29.999999999999943,29.999999999999936,2.5,7.500000000000014
KTH Royal Institute of Technology,30.0,30.000000000000057,30.000000000000014,2.500000000000014,7.5000000000000355
Université Libre de Bruxelles,30.000000000000185,29.99999999999993,29.999999999999915,2.499999999999986,7.499999999999972
University of Luxembourg,30.00000000000007,29.999999999999986,30.000000000000014,2.5000000000000284,7.499999999999972
Macquarie University,30.000000000000057,29.99999999999997,29.999999999999986,2.5,7.500000000000021
University of Massachusetts,30.000000000000057,29.9999999999998,30.000000000000007,2.5000000000000213,7.500000000000011
Medical University of Graz,29.999999999999844,30.000000000000057,30.000000000000032,2.5000000000000107,7.499999999999993
Medical University of Vienna,30.00000000000003,29.999999999999943,30.000000000000004,2.4999999999999964,7.500000000000011
University of Miami,30.0000000000002,29.999999999999837,30.0,2.499999999999986,7.500000000000028
Moscow Institute of Physics and Technology (MIPT),30.0000000000002,29.999999999999915,29.999999999999964,2.500000000000007,7.500000000000014
Newcastle University,30.00000000000003,29.99999999999997,30.00000000000003,2.500000000000014,7.499999999999986
University of Otago,29.99999999999997,29.999999999999943,29.99999999999996,2.5000000000000284,7.5000000000000355
University of Padua,30.000000000000142,29.999999999999943,29.999999999999922,2.5000000000000284,7.500000000000021
Paris-Sud University,30.000000000000085,29.999999999999886,29.99999999999994,2.4999999999999716,7.500000000000043
Queen’s University Belfast,30.000000000000064,30.000000000000014,29.99999999999998,2.5,7.500000000000014
RCSI University of Medicine and Health Sciences,30.000000000000114,29.999999999999886,29.999999999999957,2.499999999999993,7.500000000000011
University of Reading,30.000000000000014,29.999999999999858,29.99999999999994,2.5000000000000284,7.500000000000057
St George’s,29.99999999999966,30.000000000000114,30.0,2.5,7.499999999999943
University of South Florida (Tampa),29.999999999999943,30.000000000000057,29.999999999999886,2.500000000000121,7.499999999999972
Tilburg University,30.0,30.000000000000057,29.99999999999997,2.5000000000000284,7.500000000000007
University of Twente,29.999999999999886,30.000000000000114,30.000000000000057,2.500000000000057,7.499999999999943
Ulsan National Institute of Science and Technology (UNIST),30.00000000000003,30.000000000000057,29.999999999999986,2.500000000000014,7.500000000000014
University College Dublin,29.99999999999998,30.0,30.000000000000007,2.500000000000014,7.500000000000007
University of Utah,30.00000000000017,29.999999999999744,29.999999999999947,2.5000000000000497,7.500000000000043
Virginia Polytechnic Institute and State University,29.99999999999992,30.0,30.000000000000025,2.4999999999999716,7.500000000000009
Vita-Salute San Raffaele University,30.0000000000001,30.000000000000057,30.0,2.4999999999999574,7.5
Vrije Universiteit Brussel,29.999999999999893,30.000000000000128,30.000000000000014,2.5000000000000213,7.499999999999979
Wake Forest University,29.999999999999773,30.000000000000114,30.000000000000057,2.4999999999999716,7.499999999999943
University of Waterloo,29.9999999999999,30.00000000000005,30.00000000000005,2.5000000000000284,7.500000000000043
Western University,30.00000000000003,30.000000000000114,29.99999999999997,2.4999999999999574,7.499999999999957
William & Mary,30.0,30.000000000000043,30.000000000000025,2.5,7.5
University of Wollongong,30.000000000000043,29.999999999999964,29.999999999999993,2.5000000000000426,7.500000000000046
Alfaisal University,30.000000000000114,29.999999999999943,29.999999999999915,2.4999999999999716,7.500000000000057
Auckland University of Technology,29.999999999999886,29.999999999999943,29.99999999999997,2.5000000000000284,7.500000000000057
Autonomous University of Madrid,29.999999999999794,30.000000000000185,29.99999999999997,2.4999999999999716,7.500000000000078
University of Bath,30.00000000000003,29.999999999999886,29.99999999999996,2.500000000000057,7.500000000000085
Brighton and Sussex Medical School,29.999999999999943,30.000000000000114,30.000000000000128,2.4999999999999716,7.49999999999984
University at Buffalo,30.000000000000057,29.999999999999886,30.0,2.5000000000000284,7.5
University of California,30.0,29.99999999999983,29.999999999999886,2.4999999999999716,7.500000000000085
Chalmers University of Technology,30.000000000000114,30.000000000000057,30.0,2.5,7.499999999999943
University of Cincinnati,30.000000000000227,29.999999999999744,29.999999999999943,2.5,7.500000000000085
Curtin University,29.999999999999886,29.999999999999943,30.0,2.5000000000000284,7.499999999999943
Dalhousie University,29.999999999999858,30.000000000000057,30.000000000000014,2.5000000000000853,7.500000000000021
University of Delaware,29.999999999999886,30.00000000000017,29.999999999999986,2.5,7.500000000000007
École des Ponts ParisTech,29.999999999999808,30.00000000000022,30.00000000000005,2.5,7.499999999999929
University of Essex,29.999999999999858,30.000000000000057,30.000000000000007,2.500000000000057,7.499999999999993
Flinders University,29.9999999999998,30.0000000000002,30.000000000000007,2.5000000000000284,7.500000000000021
Florida State University,29.999999999999943,30.0,30.000000000000014,2.500000000000014,7.500000000000014
George Mason University,30.000000000000327,29.999999999999716,29.99999999999993,2.499999999999986,7.500000000000021
Heriot-Watt University,29.99999999999993,30.00000000000007,30.000000000000007,2.5000000000000284,7.499999999999975
HSE University,30.0,29.999999999999957,29.99999999999997,2.500000000000014,7.500000000000057
University of Illinois at Chicago,30.000000000000057,30.000000000000142,30.00000000000003,2.499999999999986,7.5
University of Kiel,30.00000000000003,30.000000000000057,30.000000000000004,2.5000000000000497,7.500000000000014
La Trobe University,30.000000000000043,30.00000000000003,30.000000000000014,2.5000000000000284,7.499999999999917
Université Laval,29.999999999999744,30.00000000000017,30.000000000000007,2.4999999999999716,7.500000000000028
Macau University of Science and Technology,29.999999999999645,30.000000000000284,29.999999999999975,2.4999999999999645,7.499999999999993
Medical University of Innsbruck,30.00000000000017,30.0,30.0,2.4999999999999503,7.499999999999986
National University of Ireland,30.000000000000057,30.000000000000014,30.000000000000043,2.5,7.49999999999994
University of Navarra,29.99999999999997,29.999999999999943,29.999999999999993,2.499999999999986,7.500000000000028
University of Oregon,30.000000000000227,29.999999999999787,30.000000000000007,2.5000000000000284,7.500000000000007
Oregon Health and Science University,29.999999999999957,30.00000000000003,30.0,2.5000000000000284,7.500000000000014
University of Oulu,29.999999999999943,30.000000000000043,30.000000000000007,2.5,7.500000000000032
University of Passau,30.000000000000284,29.99999999999983,29.999999999999915,2.4999999999999574,7.500000000000142
University of Potsdam,29.999999999999645,30.000000000000227,30.0,2.500000000000057,7.500000000000028
Queen’s University,30.00000000000017,29.99999999999983,29.999999999999943,2.499999999999943,7.500000000000114
Royal Holloway,30.0000000000001,29.999999999999844,30.000000000000085,2.4999999999999574,7.4999999999999645
Ruhr University Bochum,29.99999999999997,29.99999999999997,29.999999999999982,2.500000000000007,7.4999999999999645
University of São Paulo,29.999999999999858,30.000000000000142,30.0,2.5000000000000853,7.499999999999929
Sapienza University of Rome,30.0,29.999999999999943,29.999999999999943,2.5000000000000284,7.500000000000028
Simon Fraser University,30.0000000000002,29.999999999999858,30.00000000000001,2.4999999999999716,7.499999999999986
University of South Australia,30.0,29.999999999999943,30.0,2.4999999999999147,7.500000000000085
University of Southern Denmark,30.000000000000014,30.00000000000003,30.00000000000001,2.5000000000000515,7.500000000000057
Stellenbosch University,30.000000000000192,29.99999999999976,29.999999999999964,2.5,7.500000000000021
University of Stuttgart,30.0,29.999999999999936,29.99999999999994,2.5,7.500000000000046
Sun Yat-sen University,30.000000000000014,30.000000000000043,29.999999999999993,2.499999999999943,7.499999999999986
University of Surrey,30.000000000000227,29.999999999999716,29.999999999999943,2.500000000000014,7.500000000000028
Swansea University,30.00000000000003,29.999999999999943,30.000000000000004,2.5000000000000853,7.499999999999957
Syracuse University,29.999999999999936,30.000000000000057,29.999999999999993,2.5000000000000426,7.499999999999979
Tampere University,30.00000000000007,29.999999999999986,30.000000000000036,2.4999999999999716,7.5
Technical University of Darmstadt,30.00000000000012,29.999999999999815,29.999999999999993,2.5000000000000497,7.500000000000039
Tohoku University,29.999999999999943,29.999999999999943,30.0,2.500000000000057,7.500000000000057
Tokyo Institute of Technology,30.00000000000007,29.99999999999993,30.0,2.500000000000014,7.499999999999986
Western Sydney University,29.9999999999999,30.000000000000213,30.000000000000057,2.5,7.499999999999929
Aix-Marseille University,29.999999999999858,30.000000000000114,30.00000000000003,2.500000000000057,7.499999999999984
Anglia Ruskin University ARU,30.0000000000002,29.999999999999744,30.00000000000003,2.5000000000000853,7.499999999999943
Beijing Normal University,30.0000000000001,29.999999999999908,29.999999999999996,2.4999999999999147,7.500000000000014
Boston College,30.00000000000007,29.999999999999986,30.000000000000025,2.499999999999986,7.499999999999972
University of Canterbury,30.000000000000156,29.99999999999993,30.00000000000003,2.5000000000000284,7.4999999999999964
Colorado School of Mines,29.999999999999915,30.000000000000057,29.99999999999997,2.500000000000057,7.499999999999986
Cyprus University of Technology,30.000000000000355,29.999999999999844,30.000000000000128,2.499999999999943,7.499999999999851
Deakin University,30.0000000000001,29.999999999999886,30.000000000000036,2.5000000000000284,7.49999999999995
University of Fribourg,29.9999999999997,30.00000000000017,30.00000000000002,2.500000000000057,7.499999999999954
Goethe University Frankfurt,30.00000000000024,29.9999999999998,30.00000000000003,2.4999999999999716,7.500000000000063
Grenoble Alpes University,29.99999999999995,30.00000000000003,30.0,2.5,7.499999999999989
Huazhong University of Science and Technology,29.999999999999986,30.000000000000057,30.000000000000036,2.5000000000000284,7.500000000000021
Indian Institute of Science,29.999999999999915,30.000000000000085,30.00000000000005,2.499999999999943,7.499999999999929
Indian Institute of Technology Ropar,29.999999999999943,30.0,30.000000000000007,2.500000000000057,7.499999999999972
Jacobs University,30.000000000000043,30.00000000000002,30.0,2.5,7.5
Johannes Gutenberg University of Mainz,30.000000000000057,30.000000000000092,30.000000000000092,2.5,7.499999999999769
University of Klagenfurt,30.000000000000057,29.999999999999957,30.000000000000064,2.4999999999999716,7.499999999999986
Kyung Hee University,29.99999999999995,30.000000000000114,29.999999999999975,2.5000000000000284,7.500000000000028
University of Liège,29.999999999999964,29.99999999999998,29.999999999999982,2.500000000000007,7.500000000000071
University of Macau,29.999999999999943,30.000000000000057,29.999999999999986,2.500000000000057,7.499999999999991
University of Malaya,29.999999999999936,30.00000000000002,30.000000000000007,2.5,7.5
University of Marburg,29.999999999999943,30.0,29.99999999999998,2.500000000000057,7.500000000000059
Maynooth University,30.00000000000003,29.9999999999999,30.00000000000003,2.500000000000057,7.499999999999979
University of Milan,29.99999999999998,30.000000000000085,29.999999999999957,2.5000000000000284,7.500000000000018
Montpellier University,30.000000000000043,29.999999999999886,30.000000000000004,2.499999999999943,7.5000000000000036
Nagoya University,30.000000000000043,29.9999999999999,30.000000000000004,2.5000000000000284,7.499999999999986
University of Newcastle,29.999999999999943,30.000000000000156,29.999999999999993,2.5000000000001137,7.499999999999913
University of New Mexico (Main campus),30.000000000000114,29.999999999999886,30.000000000000057,2.5000000000000284,7.499999999999865
North Carolina State University,29.999999999999943,30.0,30.000000000000057,2.499999999999943,7.500000000000023
Nova Southeastern University,29.999999999999815,30.000000000000057,29.999999999999996,2.4999999999999716,7.500000000000039
Osaka University,29.99999999999993,30.00000000000003,29.99999999999998,2.5000000000001137,7.500000000000014
Politecnico di Milano,29.999999999999986,30.00000000000007,29.999999999999996,2.5000000000000284,7.500000000000014
Reykjavík University,30.0,29.999999999999943,30.000000000000124,2.5000000000000284,7.499999999999794
Rush University,29.99999999999997,30.000000000000057,30.00000000000003,2.499999999999943,7.5
Southern University of Science and Technology (SUSTech),30.000000000000114,29.99999999999993,30.000000000000014,2.499999999999943,7.500000000000014
Stony Brook University,29.99999999999993,30.0000000000002,30.00000000000007,2.5,7.499999999999918
Swedish University of Agricultural Sciences,29.999999999999794,30.00000000000017,29.99999999999997,2.5000000000000497,7.50000000000005
University of Tartu,30.000000000000064,30.0,29.99999999999995,2.5000000000000853,7.500000000000053
University of Tasmania,29.999999999999915,30.0,29.999999999999975,2.500000000000057,7.499999999999972
Temple University,29.99999999999997,29.999999999999886,29.999999999999986,2.5,7.500000000000021
The University of Tennessee-Knoxville,30.000000000000185,29.999999999999815,30.000000000000014,2.5000000000000284,7.499999999999963
University of Texas at Dallas,30.0,30.00000000000003,29.999999999999986,2.4999999999999716,7.50000000000005
University of Trento,30.0,30.000000000000014,30.00000000000003,2.4999999999999716,7.500000000000032
Tulane University,30.000000000000128,29.999999999999872,30.000000000000057,2.4999999999999716,7.499999999999966
Umeå University,29.999999999999943,30.000000000000085,29.999999999999996,2.500000000000057,7.499999999999993
United Arab Emirates University,29.999999999999822,30.00000000000017,30.00000000000003,2.500000000000057,7.5
Università della Svizzera Italiana,30.000000000000313,29.9999999999998,30.000000000000004,2.499999999999943,7.50000000000005
University College Cork,29.999999999999986,30.000000000000142,30.00000000000001,2.5,7.499999999999972
Victoria University,29.99999999999997,30.0,30.000000000000014,2.500000000000057,7.500000000000021
University of Alaska Fairbanks,29.99999999999998,29.999999999999957,29.99999999999998,2.5,7.500000000000014
American University of Beirut,29.999999999999957,30.000000000000142,29.999999999999993,2.4999999999998863,7.499999999999979
Australian Catholic University,30.000000000000114,29.999999999999872,29.999999999999996,2.500000000000057,7.5
Babol Noshirvani University of Technology,30.000000000000057,30.0,30.00000000000006,2.5,7.5
University of Bayreuth,30.000000000000057,29.9999999999999,30.000000000000025,2.499999999999943,7.500000000000028
Birkbeck,30.0000000000002,29.999999999999858,29.99999999999997,2.500000000000057,7.500000000000043
University of Bremen,30.000000000000142,29.99999999999983,29.999999999999964,2.5000000000001137,7.500000000000043
Brunel University London,29.999999999999886,30.000000000000085,29.999999999999957,2.499999999999943,7.500000000000018
University of California,30.000000000000085,29.999999999999915,30.000000000000014,2.5,7.499999999999986
Catholic University of Portugal,29.999999999999943,30.000000000000043,30.00000000000002,2.500000000000014,7.5
