university_name,teaching,research,citations,income,international
University of Oxford,29.999999999999943,29.99999999999983,30.000000000000227,2.4999999999999716,7.5
California Institute of Technology,30.00000000000034,29.99999999999949,30.000000000000057,2.5000000000000284,7.500000000000071
University of Cambridge,30.000000000000114,29.999999999999886,29.999999999999915,2.5000000000000426,7.499999999999957
Stanford University,30.000000000000114,30.000000000000284,29.999999999999233,2.499999999999986,7.5000000000001705
Massachusetts Institute of Technology,30.0,29.999999999999716,29.999999999999943,2.5,7.499999999999904
Princeton University,30.000000000000227,29.99999999999983,30.000000000000057,2.500000000000071,7.499999999999929
Harvard University,30.0,30.000000000000057,29.999999999999915,2.5,7.499999999999886
Yale University,30.000000000000455,29.999999999999318,30.00000000000074,2.5000000000000284,7.499999999999716
The University of Chicago,29.999999999999886,29.999999999999545,30.00000000000017,2.5000000000000426,7.499999999999972
Imperial College London,29.99999999999943,30.00000000000051,29.999999999999943,2.4999999999999574,7.500000000000128
University of Pennsylvania,29.74216643541223,30.831370629567587,29.32813589011394,2.476476547997976,7.732651123500091
Johns Hopkins University,29.999999999999858,30.0,30.0,2.5000000000000853,7.4999999999998295
University of California,29.999999999999943,29.999999999999375,30.000000000000256,2.5,7.500000000000085
ETH Zurich,29.999999999999716,30.00000000000034,29.999999999999858,2.500000000000014,7.4999999999999645
UCL,30.000000000000057,30.0,29.999999999999943,2.5,7.500000000000043
Columbia University,30.000000000000227,29.999999999999602,29.999999999999744,2.5000000000000284,7.499999999999687
University of California,29.999999999999886,29.999999999998636,30.000000000000796,2.499999999999929,7.500000000000341
University of Toronto,29.999999999999744,30.000000000000256,30.000000000000057,2.500000000000142,7.499999999999972
Cornell University,30.000000000000682,29.99999999999875,30.000000000000767,2.5000000000000284,7.499999999999645
Duke University,30.00000000000017,29.999999999999716,30.00000000000003,2.4999999999998863,7.500000000000028
University of Michigan-Ann Arbor,30.000000000000227,29.99999999999943,29.999999999999545,2.500000000000007,7.4999999999998295
Northwestern University,30.000000000000284,29.99999999999963,30.00000000000017,2.499999999999986,7.500000000000028
Tsinghua University,30.000000000000114,29.99999999999983,30.00000000000003,2.5000000000000373,7.5
Peking University,30.000000000000057,29.999999999999943,30.000000000000057,2.499999999999993,7.500000000000043
National University of Singapore,29.999999999999886,30.00000000000017,30.000000000000014,2.499999999999986,7.500000000000014
University of Washington,30.000000000000142,29.99999999999983,29.999999999999943,2.5000000000000426,7.499999999999915
Carnegie Mellon University,30.0,29.999999999999886,30.0,2.500000000000014,7.500000000000014
London School of Economics and Political Science,30.000000000000057,29.999999999999943,29.99999999999997,2.4999999999999716,7.499999999999972
New York University,30.000000000000142,29.999999999999773,30.00000000000017,2.5,7.499999999999858
University of Edinburgh,30.000000000000057,29.999999999999943,30.000000000000057,2.500000000000014,7.500000000000028
University of California,30.000000000000256,29.999999999999716,30.000000000000114,2.5,7.499999999999943
LMU Munich,30.000000000000057,29.9999999999999,30.000000000000114,2.500000000000128,7.4999999999998295
University of Melbourne,29.99999999999997,30.000000000000043,29.99999999999997,2.5000000000000426,7.499999999999943
University of British Columbia,30.000000000000142,29.99999999999983,29.999999999999993,2.499999999999986,7.500000000000043
University of Hong Kong,29.999999999999886,29.99999999999997,30.000000000000185,2.500000000000014,7.499999999999915
King’s College London,30.000000000000142,29.999999999999915,29.99999999999998,2.5000000000000426,7.499999999999993
The University of Tokyo,30.000000000000057,29.9999999999998,29.99999999999997,2.500000000000014,7.499999999999986
École Polytechnique Fédérale de Lausanne,30.000000000000227,30.0,30.00000000000003,2.499999999999993,7.499999999999922
Georgia Institute of Technology,29.9999999999998,30.000000000000256,30.00000000000002,2.5,7.500000000000014
University of Texas at Austin,30.000000000000057,30.0,30.00000000000004,2.4999999999999893,7.499999999999961
Karolinska Institute,29.99999999999963,30.000000000000327,30.000000000000036,2.500000000000007,7.5000000000000355
McGill University,30.000000000000114,29.999999999999943,29.99999999999998,2.499999999999993,7.500000000000043
Technical University of Munich,30.000000000000114,29.999999999999943,30.000000000000036,2.5000000000000107,7.499999999999957
Heidelberg University,30.0,30.000000000000057,29.999999999999993,2.5000000000000178,7.500000000000014
KU Leuven,30.000000000000327,29.999999999999815,30.00000000000002,2.4999999999999503,7.5
Paris Sciences et Lettres – PSL Research University Paris,30.0,30.000000000000114,30.000000000000014,2.4999999999999964,7.500000000000028
The Hong Kong University of Science and Technology,29.99999999999983,30.000000000000227,30.000000000000007,2.5000000000000053,7.499999999999986
University of Illinois at Urbana-Champaign,29.999999999999986,29.999999999999858,30.000000000000036,2.5000000000000266,7.5
Nanyang Technological University,29.999999999999915,29.999999999999943,30.0,2.4999999999999716,7.499999999999943
Australian National University,29.999999999999858,30.000000000000057,30.000000000000092,2.499999999999975,7.499999999999972
University of Wisconsin-Madison,30.0,29.999999999999773,29.999999999999964,2.5000000000000284,7.499999999999986
Washington University in St Louis,30.0,30.0,29.99999999999995,2.4999999999999947,7.500000000000007
Brown University,30.000000000000227,29.999999999999773,30.000000000000007,2.500000000000014,7.500000000000043
University of North Carolina at Chapel Hill,30.000000000000114,29.999999999999773,30.000000000000043,2.5000000000000284,7.4999999999999645
University of California,29.99999999999966,30.000000000000114,30.000000000000014,2.500000000000007,7.5
University of Manchester,29.99999999999983,30.000000000000114,30.000000000000036,2.500000000000057,7.499999999999957
University of California,29.999999999999872,30.000000000000057,29.999999999999986,2.499999999999993,7.499999999999979
Chinese University of Hong Kong,30.0,30.0,30.00000000000003,2.4999999999999947,7.499999999999972
Wageningen University & Research,30.000000000000227,29.99999999999983,30.000000000000092,2.4999999999999964,7.499999999999972
University of Sydney,30.000000000000114,29.999999999999886,29.99999999999997,2.500000000000039,7.5
Boston University,29.999999999999886,30.000000000000114,30.00000000000002,2.499999999999975,7.499999999999993
University of Amsterdam,29.9999999999998,30.000000000000043,30.000000000000092,2.500000000000016,7.499999999999972
University of Southern California,30.000000000000114,29.999999999999773,30.0,2.5000000000000178,7.500000000000007
Seoul National University,30.0,30.0,30.000000000000036,2.500000000000032,7.499999999999957
Kyoto University,29.999999999999957,30.0,29.99999999999999,2.4999999999999805,7.500000000000011
The University of Queensland,29.99999999999997,30.000000000000043,29.999999999999968,2.500000000000039,7.500000000000028
Delft University of Technology,29.999999999999943,30.000000000000043,30.000000000000007,2.500000000000039,7.500000000000007
Leiden University,29.999999999999872,30.0000000000001,29.999999999999986,2.5000000000000426,7.4999999999999964
Erasmus University Rotterdam,29.999999999999993,30.00000000000003,30.000000000000043,2.499999999999975,7.4999999999999645
Ohio State University (Main campus),30.00000000000003,29.9999999999999,29.999999999999996,2.500000000000007,7.499999999999954
UNSW Sydney,30.000000000000043,29.999999999999986,29.99999999999998,2.5000000000000213,7.5000000000000675
McMaster University,29.999999999999986,29.999999999999943,30.000000000000075,2.5000000000000036,7.5
University of Groningen,29.999999999999993,29.999999999999893,30.000000000000043,2.500000000000032,7.499999999999954
Humboldt University of Berlin,30.00000000000003,29.999999999999886,30.00000000000002,2.500000000000007,7.499999999999943
Monash University,30.000000000000014,29.9999999999999,30.00000000000001,2.5000000000000053,7.5
Utrecht University,29.999999999999936,30.000000000000014,30.000000000000043,2.4999999999999467,7.499999999999972
University of Warwick,29.999999999999858,30.000000000000114,30.000000000000004,2.500000000000014,7.500000000000014
Penn State (Main campus),29.99999999999983,30.000000000000185,30.000000000000036,2.5000000000000107,7.499999999999972
University of Minnesota,29.999999999999915,29.999999999999986,29.99999999999997,2.5000000000000178,7.5000000000000355
Charité - Universitätsmedizin Berlin,29.999999999999957,30.0,30.000000000000025,2.4999999999999822,7.499999999999986
Emory University,30.000000000000057,30.000000000000085,30.000000000000004,2.4999999999999893,7.5
University of Science and Technology of China,29.999999999999915,30.00000000000003,30.0,2.4999999999999822,7.499999999999993
Sorbonne University,30.000000000000085,29.99999999999997,30.000000000000004,2.4999999999999893,7.499999999999943
Michigan State University,30.000000000000142,29.99999999999997,30.000000000000036,2.4999999999999822,7.499999999999936
University of Montreal,30.0,29.99999999999997,30.000000000000018,2.5000000000000497,7.499999999999966
University of Freiburg,30.000000000000043,29.999999999999943,29.999999999999993,2.5000000000000355,7.499999999999986
University of Bristol,29.999999999999858,30.00000000000017,30.00000000000003,2.5000000000000284,7.500000000000007
Purdue University West Lafayette,29.999999999999986,29.999999999999886,29.999999999999957,2.5000000000000213,7.500000000000007
Sungkyunkwan University (SKKU),30.00000000000007,29.999999999999915,30.0,2.5000000000000178,7.500000000000057
University of Zurich,29.999999999999943,30.0,30.000000000000057,2.4999999999999893,7.499999999999966
University of Maryland,29.999999999999964,30.000000000000114,30.000000000000057,2.500000000000007,7.5
University of Tübingen,29.99999999999997,29.99999999999997,29.99999999999998,2.500000000000041,7.499999999999986
École Polytechnique,30.000000000000227,29.999999999999773,29.999999999999982,2.4999999999999947,7.500000000000034
University of Basel,29.999999999999957,29.99999999999997,30.0,2.4999999999999805,7.500000000000011
Dartmouth College,29.999999999999986,30.000000000000043,29.999999999999993,2.5000000000000213,7.500000000000021
University of California,30.0,29.9999999999999,29.999999999999957,2.499999999999986,7.499999999999982
University of Helsinki,29.999999999999886,30.000000000000114,30.0,2.5000000000000355,7.500000000000021
Lund University,30.00000000000017,29.99999999999993,29.999999999999954,2.5,7.5000000000000036
University of Glasgow,29.999999999999943,30.000000000000057,30.00000000000003,2.500000000000014,7.499999999999972
RWTH Aachen University,30.000000000000043,29.999999999999986,29.999999999999964,2.5000000000000284,7.5
University of Copenhagen,29.999999999999915,30.00000000000003,30.000000000000068,2.5,7.4999999999999645
Georgetown University,30.000000000000057,30.0,29.999999999999996,2.5,7.500000000000007
Uppsala University,29.999999999999865,30.000000000000085,30.000000000000007,2.500000000000007,7.499999999999982
University of Arizona,30.0,30.0,30.00000000000004,2.500000000000014,7.500000000000007
University of Bonn,30.000000000000057,29.99999999999997,30.000000000000007,2.499999999999993,7.499999999999989
Rice University,30.000000000000057,29.999999999999943,29.99999999999999,2.499999999999993,7.5
University of Virginia (Main campus),29.999999999999943,29.999999999999943,30.000000000000007,2.500000000000007,7.500000000000014
Zhejiang University,30.000000000000114,29.99999999999997,30.00000000000002,2.5,7.499999999999986
Fudan University,30.000000000000057,29.999999999999943,30.00000000000003,2.4999999999999787,7.499999999999989
Korea Advanced Institute of Science and Technology (KAIST),30.000000000000114,29.99999999999997,30.000000000000043,2.499999999999993,7.499999999999972
Queen Mary University of London,29.99999999999997,30.0,29.999999999999986,2.500000000000014,7.499999999999979
University of Birmingham,29.99999999999997,30.0,30.000000000000057,2.4999999999999716,7.4999999999999645
University of Bern,30.000000000000057,30.0,29.999999999999993,2.4999999999999716,7.499999999999982
University of Pittsburgh-Pittsburgh campus,29.999999999999886,30.000000000000085,30.00000000000003,2.5000000000000107,7.499999999999986
Aarhus University,29.999999999999908,30.00000000000007,30.000000000000057,2.500000000000014,7.499999999999943
Vanderbilt University,30.00000000000017,29.999999999999943,29.999999999999964,2.5000000000000178,7.5000000000000036
Free University of Berlin,30.000000000000114,29.999999999999915,30.000000000000014,2.499999999999986,7.499999999999986
University of Sheffield,30.00000000000017,29.999999999999943,30.00000000000003,2.4999999999999787,7.500000000000025
Case Western Reserve University,30.0,30.00000000000003,29.99999999999998,2.5000000000000213,7.500000000000021
University of Adelaide,30.0,29.999999999999943,30.00000000000003,2.500000000000014,7.5000000000000355
National Taiwan University (NTU),29.99999999999997,29.99999999999997,30.00000000000007,2.499999999999993,7.499999999999943
University of Southampton,30.000000000000085,29.99999999999997,29.99999999999997,2.499999999999968,7.500000000000007
Ghent University,30.0000000000001,29.999999999999915,30.000000000000043,2.500000000000007,7.499999999999979
University of Colorado Boulder,30.0,29.999999999999886,30.000000000000057,2.5,7.499999999999943
University of Göttingen,29.999999999999886,29.99999999999997,30.00000000000003,2.499999999999986,7.499999999999972
City University of Hong Kong,29.9999999999998,30.000000000000057,30.00000000000002,2.5000000000000213,7.500000000000043
Maastricht University,30.000000000000057,30.000000000000057,30.000000000000068,2.499999999999986,7.499999999999943
Radboud University Nijmegen,30.000000000000078,29.99999999999993,30.000000000000014,2.500000000000014,7.500000000000007
University of York,30.000000000000114,29.999999999999886,29.999999999999915,2.5,7.500000000000043
University of Paris,29.99999999999997,30.0,30.000000000000064,2.500000000000014,7.4999999999999645
University of Oslo,29.99999999999993,30.000000000000142,30.00000000000003,2.5000000000000284,7.499999999999979
The University of Western Australia,29.999999999999957,29.99999999999997,30.000000000000057,2.500000000000007,7.4999999999999964
Durham University,30.000000000000114,29.999999999999886,29.999999999999986,2.5000000000000426,7.500000000000043
Indiana University,29.999999999999943,30.000000000000057,30.00000000000003,2.500000000000014,7.5000000000000355
University of Vienna,30.000000000000114,30.0,29.999999999999943,2.5,7.5
University of Alberta,29.999999999999886,29.999999999999886,29.99999999999997,2.5000000000000426,7.500000000000014
University of Cape Town,30.00000000000017,30.0,30.000000000000057,2.499999999999986,7.499999999999943
Vrije Universiteit Amsterdam,30.000000000000057,29.999999999999943,30.000000000000057,2.500000000000007,7.499999999999986
Lancaster University,30.000000000000227,29.999999999999773,29.999999999999915,2.5000000000000426,7.500000000000057
Tufts University,30.000000000000114,29.999999999999943,30.00000000000003,2.4999999999999716,7.5
University of Ottawa,29.999999999999943,30.0,30.0,2.4999999999999716,7.499999999999886
Ulm University,30.0,29.999999999999773,29.99999999999997,2.500000000000014,7.500000000000057
Pompeu Fabra University,29.999999999999943,30.0,30.000000000000014,2.500000000000014,7.5
University of Geneva,30.000000000000057,29.999999999999886,30.000000000000043,2.499999999999993,7.499999999999972
Nanjing University,29.99999999999983,30.000000000000114,30.00000000000003,2.499999999999986,7.5
University of Exeter,29.999999999999943,30.000000000000114,30.00000000000003,2.499999999999986,7.5
Pohang University of Science and Technology (POSTECH),30.000000000000114,29.999999999999773,29.99999999999997,2.5000000000000284,7.500000000000028
University of Sussex,30.0,30.0,30.00000000000003,2.5000000000000284,7.499999999999972
University of Hamburg,30.000000000000057,30.0,30.0,2.499999999999993,7.500000000000028
Sant’Anna School of Advanced Studies – Pisa,30.000000000000057,29.999999999999886,30.00000000000003,2.4999999999999716,7.500000000000028
Technical University of Berlin,30.000000000000057,29.999999999999886,30.0,2.5000000000000213,7.499999999999986
Université Catholique de Louvain,29.999999999999943,30.0,30.0,2.5000000000000284,7.5
University of Nottingham,29.999999999999886,30.000000000000114,30.000000000000057,2.5,7.499999999999943
Scuola Normale Superiore di Pisa,29.999999999999886,30.000000000000114,30.000000000000085,2.4999999999999574,7.499999999999943
Arizona State University (Tempe),29.999999999999943,30.0,30.000000000000014,2.4999999999999964,7.499999999999957
University of Leeds,30.000000000000227,29.999999999999886,30.0,2.5,7.5
Autonomous University of Barcelona,30.000000000000057,30.0,30.0,2.5,7.499999999999943
University of Cologne,30.0,30.000000000000114,30.00000000000003,2.500000000000007,7.5
University of Mannheim,29.999999999999886,30.000000000000114,30.0,2.5,7.499999999999943
University of Notre Dame,30.000000000000114,29.999999999999886,30.00000000000003,2.499999999999986,7.5
Shanghai Jiao Tong University,29.99999999999983,30.0,30.000000000000057,2.499999999999986,7.499999999999943
TU Dresden,30.000000000000114,30.0,29.999999999999943,2.499999999999993,7.499999999999972
University of Würzburg,30.000000000000057,29.99999999999983,29.999999999999915,2.500000000000014,7.500000000000085
Trinity College Dublin,29.999999999999886,29.999999999999943,30.000000000000014,2.5,7.499999999999972
University of Liverpool,29.999999999999943,30.000000000000114,30.000000000000057,2.5,7.499999999999972
Bielefeld University,29.999999999999886,30.000000000000057,30.000000000000057,2.499999999999986,7.499999999999943
University of Leicester,30.000000000000114,29.999999999999886,30.0,2.500000000000014,7.499999999999972
University of Aberdeen,30.0,30.000000000000114,29.999999999999986,2.499999999999968,7.499999999999986
University of Bologna,29.999999999999915,30.000000000000057,29.999999999999936,2.4999999999999787,7.500000000000071
Rutgers,30.000000000000057,30.0,29.99999999999997,2.500000000000014,7.499999999999972
Hong Kong Polytechnic University,30.000000000000114,30.0,30.000000000000007,2.5000000000000426,7.500000000000014
University of Alabama at Birmingham,30.000000000000057,29.99999999999983,29.999999999999957,2.5000000000000284,7.500000000000057
Northeastern University,29.999999999999915,30.000000000000114,30.000000000000057,2.499999999999986,7.499999999999922
University of Rochester,29.999999999999915,30.000000000000128,29.999999999999993,2.499999999999986,7.49999999999995
University of Florida,30.000000000000114,29.999999999999943,30.000000000000036,2.4999999999999645,7.4999999999999645
Karlsruhe Institute of Technology,29.999999999999943,29.999999999999957,30.000000000000014,2.500000000000014,7.5000000000000355
Stockholm University,30.000000000000284,29.999999999999858,29.999999999999957,2.500000000000014,7.500000000000085
Texas A&M University,30.000000000000114,29.999999999999943,29.99999999999997,2.500000000000007,7.499999999999979
University of Auckland,30.000000000000057,30.000000000000085,29.999999999999986,2.5,7.499999999999943
University of California,30.000000000000057,29.999999999999886,30.000000000000007,2.5000000000000107,7.500000000000085
Korea University,29.999999999999886,29.99999999999983,30.0,2.500000000000014,7.500000000000085
Queensland University of Technology,30.0,30.00000000000003,30.000000000000064,2.499999999999993,7.499999999999986
University of Erlangen-Nuremberg,29.99999999999997,30.000000000000142,30.00000000000005,2.4999999999999503,7.499999999999986
Aalto University,30.0000000000002,29.99999999999983,30.0,2.500000000000014,7.5
Technical University of Denmark,30.000000000000114,29.999999999999858,29.99999999999998,2.5000000000000213,7.500000000000032
Eindhoven University of Technology,30.00000000000003,29.999999999999886,29.99999999999997,2.5000000000000107,7.500000000000057
University of Gothenburg,30.00000000000003,30.0,29.99999999999995,2.499999999999986,7.499999999999972
Télécom Paris,29.999999999999943,30.0000000000001,29.999999999999986,2.499999999999929,7.499999999999957
Lomonosov Moscow State University,30.000000000000014,30.0,29.999999999999986,2.5,7.5
University of Münster,30.000000000000156,29.999999999999716,29.999999999999943,2.5,7.500000000000114
Tel Aviv University,30.0,29.999999999999886,29.99999999999998,2.5000000000000426,7.500000000000057
University of East Anglia,29.99999999999997,29.999999999999943,30.000000000000043,2.4999999999999716,7.499999999999972
University of Canberra,30.0,30.000000000000114,30.0,2.4999999999999574,7.5
University of Duisburg-Essen,30.00000000000003,29.99999999999966,29.99999999999997,2.5000000000000426,7.500000000000114
University of Technology Sydney,30.0,30.000000000000057,30.00000000000003,2.4999999999999574,7.499999999999943
University of the Witwatersrand,29.999999999999943,30.0,30.0,2.5000000000000284,7.5
Yonsei University (Seoul campus),29.999999999999886,30.000000000000114,30.000000000000057,2.5000000000000284,7.499999999999943
University of Antwerp,29.999999999999915,29.999999999999886,29.999999999999943,2.5000000000000284,7.500000000000114
Cardiff University,30.000000000000085,29.999999999999773,30.0,2.500000000000014,7.500000000000085
George Washington University,29.999999999999943,29.999999999999886,30.000000000000014,2.5000000000000284,7.500000000000057
University of Lausanne,30.000000000000085,29.999999999999943,29.999999999999943,2.4999999999999716,7.500000000000028
University of St Andrews,29.999999999999957,30.000000000000114,29.999999999999975,2.5,7.499999999999943
Aalborg University,30.00000000000003,29.999999999999886,30.000000000000007,2.5,7.5
University of Barcelona,29.999999999999915,29.999999999999886,30.0,2.499999999999986,7.500000000000028
University of Bergen,30.000000000000043,29.999999999999943,29.99999999999997,2.499999999999986,7.4999999999999645
Brandeis University,29.99999999999983,29.999999999999886,30.000000000000043,2.499999999999943,7.5
University of Calgary,30.000000000000142,29.999999999999915,29.999999999999922,2.4999999999999716,7.500000000000085
Copenhagen Business School,29.999999999999915,29.999999999999915,29.999999999999964,2.5000000000000995,7.500000000000028
University of Dundee,30.000000000000043,29.999999999999794,29.99999999999999,2.4999999999999467,7.500000000000085
École Normale Supérieure de Lyon,30.000000000000014,29.999999999999915,29.999999999999968,2.499999999999954,7.500000000000071
Griffith University,30.000000000000114,29.99999999999976,29.999999999999986,2.4999999999999574,7.500000000000043
University of Hawai’i at Mānoa,30.00000000000017,29.99999999999988,29.99999999999997,2.499999999999943,7.500000000000057
Hebrew University of Jerusalem,30.000000000000085,29.999999999999858,29.999999999999957,2.500000000000007,7.500000000000085
University of Hohenheim,29.99999999999997,30.00000000000003,30.000000000000007,2.499999999999943,7.500000000000057
Howard University,30.000000000000057,29.999999999999922,30.0,2.5,7.500000000000028
University of Iowa,30.000000000000064,29.999999999999858,29.99999999999998,2.499999999999943,7.499999999999986
James Cook University,30.00000000000003,29.999999999999943,29.999999999999986,2.4999999999999716,7.5
King Abdulaziz University,30.0,29.999999999999893,29.999999999999996,2.5,7.500000000000014
University of Konstanz,30.000000000000057,29.999999999999844,29.999999999999964,2.500000000000057,7.499999999999943
KTH Royal Institute of Technology,30.000000000000156,29.999999999999922,29.99999999999997,2.500000000000032,7.499999999999986
Université Libre de Bruxelles,29.999999999999986,29.99999999999997,30.000000000000025,2.499999999999993,7.500000000000028
University of Luxembourg,30.000000000000085,30.00000000000017,29.99999999999999,2.499999999999943,7.499999999999957
Macquarie University,30.000000000000057,29.999999999999886,30.000000000000036,2.5,7.5
University of Massachusetts,30.0,30.000000000000114,29.99999999999997,2.499999999999986,7.500000000000028
Medical University of Graz,29.999999999999957,30.0,30.000000000000014,2.5000000000000355,7.500000000000028
Medical University of Vienna,29.999999999999915,30.0000000000001,29.999999999999996,2.4999999999999716,7.500000000000028
University of Miami,30.00000000000011,29.999999999999858,30.0,2.5000000000000284,7.500000000000057
Moscow Institute of Physics and Technology (MIPT),29.999999999999886,30.00000000000007,30.000000000000043,2.5,7.499999999999943
Newcastle University,30.000000000000057,30.000000000000114,30.000000000000007,2.4999999999999147,7.499999999999972
University of Otago,30.0,29.9999999999998,30.0,2.500000000000057,7.500000000000057
University of Padua,29.99999999999997,29.9999999999999,30.000000000000014,2.5000000000000284,7.499999999999972
Paris-Sud University,29.999999999999957,29.999999999999986,30.000000000000014,2.5000000000000036,7.500000000000057
Queen’s University Belfast,30.0,29.999999999999886,29.999999999999993,2.5000000000000853,7.499999999999972
RCSI University of Medicine and Health Sciences,29.999999999999957,29.999999999999915,29.999999999999986,2.5000000000000284,7.5000000000000355
University of Reading,30.000000000000128,29.999999999999915,29.999999999999982,2.5000000000000213,7.500000000000043
St George’s,30.000000000000135,29.99999999999976,30.000000000000007,2.500000000000128,7.499999999999986
University of South Florida (Tampa),29.999999999999943,29.99999999999997,29.999999999999986,2.4999999999998863,7.500000000000043
Tilburg University,29.99999999999997,30.0,29.999999999999968,2.499999999999922,7.500000000000043
University of Twente,30.000000000000085,29.999999999999943,30.000000000000007,2.4999999999999716,7.500000000000028
Ulsan National Institute of Science and Technology (UNIST),29.999999999999943,30.0,30.000000000000064,2.5000000000000284,7.499999999999801
University College Dublin,30.000000000000057,29.999999999999957,30.00000000000003,2.5,7.499999999999984
University of Utah,29.99999999999997,29.999999999999844,30.000000000000007,2.500000000000057,7.500000000000057
Virginia Polytechnic Institute and State University,29.999999999999943,30.000000000000018,30.00000000000002,2.4999999999999716,7.5
Vita-Salute San Raffaele University,30.000000000000064,29.999999999999886,29.99999999999997,2.5000000000000284,7.5
Vrije Universiteit Brussel,30.0000000000002,29.999999999999844,30.0,2.499999999999943,7.500000000000085
Wake Forest University,29.999999999999993,29.999999999999986,30.00000000000003,2.5000000000000284,7.5
University of Waterloo,29.999999999999915,29.999999999999858,30.00000000000002,2.500000000000071,7.499999999999972
Western University,29.99999999999998,30.000000000000057,29.999999999999975,2.499999999999986,7.499999999999957
William & Mary,29.99999999999997,29.99999999999997,30.0,2.5000000000000284,7.500000000000028
University of Wollongong,29.999999999999943,30.000000000000036,30.000000000000014,2.5000000000000284,7.499999999999886
Alfaisal University,30.000000000000085,30.0,29.999999999999993,2.500000000000071,7.499999999999943
Auckland University of Technology,30.000000000000213,29.99999999999963,30.000000000000064,2.500000000000128,7.499999999999893
Autonomous University of Madrid,29.99999999999997,29.999999999999915,30.0,2.4999999999999716,7.500000000000057
University of Bath,30.000000000000057,29.99999999999997,30.000000000000004,2.499999999999993,7.5000000000000036
Brighton and Sussex Medical School,29.99999999999997,29.999999999999886,30.000000000000007,2.500000000000142,7.499999999999943
University at Buffalo,30.000000000000043,29.999999999999744,30.000000000000046,2.5000000000001563,7.499999999999929
University of California,29.99999999999997,29.99999999999997,30.00000000000002,2.5000000000000853,7.499999999999972
Chalmers University of Technology,30.00000000000007,29.999999999999744,30.00000000000003,2.5000000000001137,7.499999999999915
University of Cincinnati,30.000000000000014,29.999999999999687,30.000000000000078,2.5000000000003126,7.499999999999886
Curtin University,29.999999999999943,30.000000000000085,30.0,2.4999999999999147,7.500000000000025
Dalhousie University,30.00000000000017,29.999999999999744,30.000000000000078,2.500000000000142,7.499999999999908
University of Delaware,30.000000000000057,30.000000000000057,30.000000000000014,2.499999999999943,7.4999999999999485
École des Ponts ParisTech,29.99999999999994,30.0,29.999999999999915,2.4999999999999716,7.500000000000071
University of Essex,30.000000000000057,30.0,30.000000000000036,2.5000000000000497,7.499999999999968
Flinders University,29.999999999999943,29.999999999999943,29.999999999999986,2.5000000000000213,7.5
Florida State University,30.000000000000014,29.99999999999983,30.00000000000005,2.5000000000001847,7.499999999999915
George Mason University,29.999999999999993,29.999999999999943,30.000000000000004,2.5000000000000284,7.499999999999972
Heriot-Watt University,30.0,29.999999999999943,29.99999999999998,2.5000000000000924,7.5
HSE University,30.000000000000142,29.99999999999993,30.000000000000007,2.5,7.499999999999986
University of Illinois at Chicago,30.0000000000001,29.999999999999872,29.999999999999908,2.500000000000128,7.500000000000014
University of Kiel,30.00000000000003,29.999999999999773,30.0,2.5000000000000995,7.4999999999999005
La Trobe University,30.0,29.999999999999943,29.999999999999947,2.5000000000000853,7.499999999999993
Université Laval,29.999999999999915,30.00000000000005,30.000000000000036,2.499999999999986,7.5
Macau University of Science and Technology,30.000000000000185,29.999999999999886,29.999999999999982,2.500000000000014,7.500000000000007
Medical University of Innsbruck,29.999999999999986,29.999999999999886,30.000000000000043,2.5000000000001137,7.499999999999986
National University of Ireland,30.000000000000085,29.999999999999886,30.0,2.5000000000001066,7.499999999999972
University of Navarra,30.000000000000085,29.999999999999943,29.999999999999986,2.5000000000000853,7.500000000000021
University of Oregon,30.00000000000022,29.999999999999673,30.000000000000014,2.5000000000001705,7.499999999999943
Oregon Health and Science University,30.00000000000007,29.999999999999915,29.999999999999964,2.500000000000014,7.500000000000014
University of Oulu,30.0,29.999999999999915,30.00000000000002,2.5000000000000426,7.499999999999943
University of Passau,29.999999999999915,29.999999999999943,30.000000000000007,2.5,7.500000000000057
University of Potsdam,30.000000000000114,29.9999999999998,30.00000000000005,2.5000000000000853,7.499999999999922
Queen’s University,30.0,29.999999999999993,30.0,2.5000000000000284,7.499999999999972
Royal Holloway,30.0,29.999999999999915,30.00000000000003,2.4999999999998863,7.50000000000006
Ruhr University Bochum,30.00000000000003,29.99999999999983,30.000000000000032,2.500000000000213,7.499999999999943
University of São Paulo,30.000000000000156,29.999999999999886,29.999999999999993,2.4999999999999716,7.499999999999979
Sapienza University of Rome,30.000000000000057,29.9999999999998,30.00000000000002,2.5000000000001847,7.499999999999858
Simon Fraser University,30.000000000000057,30.00000000000003,30.000000000000043,2.4999999999999005,7.500000000000096
University of South Australia,30.00000000000003,30.00000000000003,30.000000000000004,2.5,7.499999999999972
University of Southern Denmark,30.000000000000014,29.99999999999997,29.99999999999994,2.499999999999929,7.500000000000064
Stellenbosch University,30.0,30.0,29.999999999999968,2.499999999999943,7.500000000000028
University of Stuttgart,30.000000000000114,29.9999999999998,30.00000000000005,2.500000000000142,7.499999999999936
Sun Yat-sen University,29.99999999999993,30.00000000000017,29.999999999999982,2.499999999999943,7.499999999999992
University of Surrey,30.000000000000142,29.999999999999915,29.999999999999964,2.5000000000000355,7.499999999999972
Swansea University,30.000000000000085,29.999999999999744,30.000000000000036,2.5000000000000853,7.499999999999972
Syracuse University,30.000000000000043,29.999999999999716,30.00000000000005,2.5000000000001847,7.499999999999915
Tampere University,29.99999999999997,29.999999999999858,30.00000000000001,2.5000000000001137,7.499999999999957
Technical University of Darmstadt,29.999999999999943,30.000000000000085,30.000000000000007,2.4999999999999574,7.5000000000000036
Tohoku University,30.00000000000007,29.999999999999815,30.00000000000004,2.5000000000000426,7.499999999999936
Tokyo Institute of Technology,30.0000000000001,29.99999999999983,30.000000000000036,2.500000000000071,7.499999999999943
Western Sydney University,30.000000000000085,29.999999999999858,30.00000000000005,2.500000000000071,7.500000000000014
Aix-Marseille University,30.000000000000014,29.999999999999844,30.0,2.5000000000000497,7.500000000000014
Anglia Ruskin University ARU,30.000000000000114,30.000000000000057,29.999999999999908,2.4999999999999574,7.500000000000007
Beijing Normal University,30.0,29.999999999999957,30.00000000000003,2.499999999999975,7.499999999999957
Boston College,29.99999999999997,29.999999999999943,29.999999999999964,2.500000000000055,7.500000000000028
University of Canterbury,29.99999999999993,30.0000000000001,30.00000000000003,2.499999999999993,7.4999999999999645
Colorado School of Mines,29.99999999999997,30.000000000000057,29.999999999999986,2.4999999999999716,7.499999999999982
Cyprus University of Technology,30.000000000000114,30.0,30.0,2.5000000000000284,7.499999999999968
Deakin University,30.000000000000057,29.999999999999886,30.000000000000014,2.4999999999999964,7.499999999999972
University of Fribourg,29.999999999999915,29.999999999999858,30.000000000000007,2.5000000000001137,7.499999999999908
Goethe University Frankfurt,29.99999999999997,29.999999999999886,30.00000000000002,2.500000000000071,7.499999999999993
Grenoble Alpes University,30.0000000000002,29.99999999999983,30.00000000000002,2.499999999999959,7.499999999999986
Huazhong University of Science and Technology,30.000000000000114,30.00000000000003,29.999999999999964,2.499999999999943,7.500000000000042
Indian Institute of Science,30.00000000000003,29.999999999999687,29.999999999999986,2.500000000000213,7.499999999999886
Indian Institute of Technology Ropar,30.000000000000085,30.0,30.000000000000014,2.500000000000142,7.499999999999833
Jacobs University,30.000000000000156,29.999999999999858,29.999999999999993,2.499999999999986,7.4999999999999645
Johannes Gutenberg University of Mainz,29.9999999999999,30.00000000000017,29.999999999999993,2.4999999999999005,7.499999999999986
University of Klagenfurt,30.00000000000003,30.000000000000057,30.00000000000003,2.5000000000000284,7.499999999999936
Kyung Hee University,30.0000000000002,29.999999999999773,30.000000000000046,2.5000000000000995,7.49999999999995
University of Liège,30.0,30.0,30.000000000000004,2.500000000000007,7.500000000000014
University of Macau,29.999999999999886,30.00000000000003,30.000000000000043,2.4999999999999964,7.499999999999986
University of Malaya,29.999999999999943,30.00000000000003,30.000000000000014,2.5000000000000178,7.499999999999979
University of Marburg,29.99999999999997,29.999999999999915,30.000000000000043,2.500000000000009,7.500000000000007
Maynooth University,30.000000000000085,30.00000000000003,29.999999999999964,2.5000000000000036,7.5
University of Milan,29.999999999999943,30.0,30.00000000000002,2.5000000000000284,7.499999999999993
Montpellier University,29.99999999999997,30.000000000000057,30.000000000000014,2.5000000000000284,7.499999999999986
Nagoya University,29.999999999999943,30.0,29.999999999999996,2.4999999999999716,7.500000000000007
University of Newcastle,30.000000000000128,29.999999999999773,30.00000000000005,2.5000000000001705,7.499999999999915
University of New Mexico (Main campus),30.000000000000057,29.999999999999716,30.000000000000025,2.500000000000256,7.499999999999943
North Carolina State University,30.000000000000085,29.999999999999915,29.99999999999997,2.5000000000000853,7.4999999999999005
Nova Southeastern University,30.000000000000043,30.00000000000003,30.0,2.500000000000014,7.4999999999999485
Osaka University,30.0,29.999999999999943,30.00000000000002,2.500000000000014,7.499999999999986
Politecnico di Milano,30.000000000000085,29.999999999999943,30.000000000000014,2.5000000000000426,7.500000000000007
Reykjavík University,30.00000000000007,29.9999999999999,30.000000000000007,2.499999999999929,7.500000000000014
Rush University,29.99999999999997,30.00000000000007,29.99999999999997,2.499999999999986,7.5
Southern University of Science and Technology (SUSTech),30.000000000000085,29.99999999999997,30.000000000000036,2.5000000000000284,7.499999999999972
Stony Brook University,30.0,29.999999999999915,30.00000000000002,2.5000000000000853,7.499999999999972
Swedish University of Agricultural Sciences,30.000000000000043,29.999999999999915,30.0,2.499999999999986,7.499999999999989
University of Tartu,30.000000000000043,30.0,29.999999999999986,2.5,7.500000000000014
University of Tasmania,29.999999999999858,30.0,30.000000000000043,2.5000000000000284,7.499999999999986
Temple University,30.000000000000043,29.999999999999886,30.000000000000043,2.5000000000000284,7.499999999999872
The University of Tennessee-Knoxville,30.000000000000114,29.999999999999943,30.0,2.499999999999993,7.499999999999993
University of Texas at Dallas,30.00000000000007,29.999999999999886,29.99999999999997,2.5,7.5
University of Trento,30.0000000000001,29.999999999999744,30.000000000000036,2.5000000000001705,7.49999999999995
Tulane University,30.00000000000003,30.00000000000003,29.999999999999996,2.499999999999929,7.499999999999954
Umeå University,29.99999999999993,30.000000000000085,30.000000000000007,2.499999999999993,7.500000000000007
United Arab Emirates University,30.000000000000057,30.0,29.999999999999996,2.5000000000000853,7.499999999999972
Università della Svizzera Italiana,30.0,30.0000000000001,30.000000000000007,2.499999999999986,7.499999999999957
University College Cork,30.000000000000057,30.00000000000003,29.999999999999986,2.4999999999999574,7.499999999999957
Victoria University,30.000000000000114,29.999999999999943,30.000000000000014,2.499999999999986,7.500000000000014
University of Alaska Fairbanks,29.99999999999997,29.999999999999943,30.00000000000003,2.500000000000007,7.499999999999988
American University of Beirut,29.999999999999886,30.000000000000114,30.000000000000007,2.500000000000016,7.499999999999943
Australian Catholic University,30.0,30.00000000000003,30.00000000000002,2.4999999999999716,7.5
Babol Noshirvani University of Technology,30.000000000000085,29.9999999999999,29.99999999999997,2.5000000000000213,7.500000000000016
University of Bayreuth,29.999999999999858,30.000000000000085,30.000000000000007,2.500000000000041,7.499999999999979
Birkbeck,29.999999999999957,30.0,30.00000000000003,2.5000000000000018,7.499999999999986
University of Bremen,30.000000000000142,30.0,29.999999999999968,2.500000000000007,7.499999999999943
Brunel University London,29.99999999999997,30.00000000000003,30.000000000000036,2.499999999999986,7.499999999999973
University of California,30.000000000000064,29.999999999999943,30.00000000000002,2.4999999999999716,7.5
Catholic University of Portugal,30.00000000000017,29.999999999999886,30.000000000000004,2.4999999999999716,7.4999999999999964
Clark University,29.99999999999997,29.99999999999997,30.000000000000014,2.499999999999993,7.499999999999988
