university_name,teaching,research,citations,income,international
University of Oxford,30.0,30.0,30.000000000000455,2.499999999999986,7.500000000000114
Stanford University,29.999999999999773,29.999999999999545,30.00000000000091,2.5000000000000213,7.500000000000114
Harvard University,29.999999999999147,30.000000000000227,30.000000000000227,2.5000000000000213,7.5
California Institute of Technology,30.000000000000114,30.00000000000034,29.999999999999773,2.5000000000000497,7.499999999999943
Massachusetts Institute of Technology,30.000000000000114,29.999999999999773,30.00000000000034,2.5000000000000213,7.499999999999886
University of Cambridge,29.999999999999773,30.000000000000227,30.000000000000114,2.499999999999943,7.4999999999998295
University of California Berkeley,30.000000000000114,29.999999999999773,29.999999999999943,2.5,7.500000000000014
Yale University,29.999999999999773,29.999999999999943,29.999999999999943,2.4999999999999716,7.5
Princeton University,30.00000000000034,29.999999999999716,29.99999999999983,2.500000000000057,7.499999999999911
The University of Chicago,29.99999999999966,30.0,30.00000000000034,2.499999999999872,7.4999999999999005
Imperial College London,29.999999999999773,30.00000000000034,29.999999999999773,2.500000000000057,7.499999999999886
Johns Hopkins University,30.000000000000114,30.00000000000003,29.999999999999886,2.499999999999936,7.5000000000000995
University of Pennsylvania,30.000000000000114,30.000000000000142,29.999999999999602,2.499999999999929,7.500000000000014
ETH Zurich,30.000000000000227,30.000000000000455,29.999999999999773,2.4999999999998863,7.499999999999972
University of California Los Angeles,29.99999999999997,30.00000000000003,29.9999999999998,2.4999999999999787,7.499999999999908
UCL,30.000000000000284,29.999999999999858,30.000000000000014,2.5000000000000355,7.5
Columbia University,30.000000000000057,29.999999999999943,30.000000000000057,2.499999999999993,7.499999999999886
University of Toronto,29.99999999999997,29.99999999999997,30.00000000000003,2.4999999999999716,7.5
Cornell University,29.999999999999943,29.999999999999943,29.99999999999997,2.5000000000000284,7.500000000000028
Duke University,30.000000000000057,30.000000000000057,29.99999999999998,2.4999999999999574,7.499999999999929
Tsinghua University,29.999999999999943,30.000000000000114,30.000000000000014,2.5,7.500000000000014
University of Michigan-Ann Arbor,29.999999999999886,29.999999999999915,30.000000000000043,2.5,7.500000000000007
Peking University,30.00000000000017,29.999999999999773,30.0,2.5000000000000284,7.500000000000043
Northwestern University,30.0,30.000000000000114,29.99999999999997,2.5,7.499999999999993
National University of Singapore,30.000000000000114,29.999999999999943,30.000000000000057,2.500000000000057,7.499999999999986
New York University,30.000000000000284,29.99999999999997,29.999999999999954,2.500000000000014,7.499999999999972
London School of Economics and Political Science,30.000000000000227,29.999999999999773,29.999999999999986,2.5000000000000213,7.500000000000071
Carnegie Mellon University,30.000000000000185,29.9999999999998,30.000000000000114,2.5000000000000284,7.50000000000005
University of Washington,29.999999999999886,30.0,29.999999999999943,2.500000000000007,7.500000000000085
University of Edinburgh,30.0,29.9999999999998,30.000000000000078,2.5000000000000213,7.5000000000000355
University of Melbourne,29.999999999999943,30.000000000000057,29.999999999999844,2.499999999999968,7.500000000000057
LMU Munich,29.9999999999998,30.000000000000256,29.999999999999915,2.499999999999993,7.500000000000057
University of California San Diego,29.99999999999997,29.99999999999997,30.0,2.5,7.5
University of British Columbia,30.000000000000114,30.0,29.99999999999997,2.500000000000057,7.5
King’s College London,30.0000000000002,29.999999999999943,30.000000000000142,2.499999999999986,7.499999999999943
Karolinska Institute,29.999999999999545,30.000000000000227,29.999999999999886,2.5000000000000604,7.500000000000057
The University of Tokyo,30.000000000000085,29.999999999999915,29.99999999999997,2.499999999999986,7.500000000000028
Georgia Institute of Technology,29.99999999999997,30.000000000000043,29.999999999999986,2.499999999999943,7.499999999999957
University of Hong Kong,30.00000000000007,29.999999999999886,30.00000000000003,2.5,7.5
McGill University,30.00000000000003,29.999999999999858,30.000000000000043,2.5000000000000995,7.499999999999993
Technical University of Munich,29.999999999999943,30.00000000000003,30.000000000000064,2.4999999999999964,7.499999999999986
Heidelberg University,30.000000000000057,29.999999999999858,30.000000000000043,2.5000000000000284,7.500000000000028
École Polytechnique Fédérale de Lausanne,30.000000000000178,29.99999999999993,29.999999999999897,2.5000000000000355,7.499999999999986
University of Texas at Austin,29.999999999999886,30.0,30.000000000000128,2.4999999999999716,7.499999999999993
KU Leuven,29.999999999999886,29.999999999999773,29.999999999999986,2.500000000000014,7.500000000000014
Paris Sciences et Lettres – PSL Research University Paris,30.00000000000017,29.999999999999886,29.99999999999998,2.5,7.5
Nanyang Technological University Singapore,29.999999999999886,30.000000000000057,29.999999999999993,2.500000000000014,7.5
University of Illinois at Urbana-Champaign,30.0,29.999999999999915,30.000000000000064,2.4999999999999716,7.500000000000014
University of Wisconsin-Madison,30.000000000000114,29.99999999999997,30.00000000000003,2.4999999999999503,7.500000000000028
Washington University in St Louis,29.999999999999943,29.999999999999943,30.000000000000014,2.5000000000000284,7.5
University of Manchester,30.0,29.999999999999915,30.00000000000005,2.5000000000000426,7.499999999999993
University of Sydney,30.000000000000114,29.999999999999915,29.999999999999964,2.4999999999999574,7.500000000000011
University of Southern California,30.00000000000003,29.999999999999886,30.000000000000114,2.499999999999986,7.499999999999986
Boston University,29.9999999999998,30.000000000000142,30.000000000000057,2.4999999999999716,7.499999999999936
Kyoto University,29.999999999999773,30.000000000000114,30.000000000000032,2.5,7.499999999999915
Chinese University of Hong Kong,29.999999999999886,29.999999999999943,30.00000000000006,2.5000000000000853,7.499999999999972
The Hong Kong University of Science and Technology,29.999999999999858,30.000000000000085,30.00000000000003,2.4999999999999645,7.499999999999957
University of North Carolina at Chapel Hill,30.00000000000003,30.0,30.000000000000057,2.5000000000000107,7.5
Australian National University,29.99999999999983,30.00000000000017,30.0000000000001,2.4999999999999645,7.499999999999943
Seoul National University,30.00000000000003,29.999999999999943,30.000000000000057,2.500000000000014,7.499999999999979
Brown University,29.99999999999983,29.99999999999997,30.000000000000085,2.500000000000007,7.499999999999957
The University of Queensland,29.999999999999886,30.000000000000114,30.000000000000057,2.4999999999999574,7.499999999999943
Wageningen University & Research,30.000000000000057,29.99999999999997,30.000000000000057,2.4999999999999467,7.499999999999936
University of California Davis,30.000000000000078,30.000000000000043,29.999999999999872,2.5000000000000213,7.500000000000028
Monash University,30.0,29.999999999999943,29.999999999999993,2.500000000000007,7.500000000000014
University of Amsterdam,30.0,29.999999999999986,30.0,2.499999999999954,7.500000000000057
UNSW Sydney,30.000000000000128,29.999999999999943,30.0,2.4999999999999787,7.50000000000005
University of California Santa Barbara,30.000000000000085,29.999999999999886,30.00000000000007,2.500000000000014,7.5
McMaster University,29.999999999999986,30.000000000000057,30.000000000000057,2.499999999999929,7.499999999999986
Fudan University,29.99999999999983,30.000000000000114,30.000000000000014,2.500000000000213,7.499999999999893
Leiden University,29.99999999999983,30.000000000000178,29.999999999999858,2.499999999999943,7.500000000000128
Erasmus University Rotterdam,29.999999999999886,30.000000000000114,30.000000000000057,2.5,7.500000000000028
University of Montreal,29.999999999999858,30.00000000000003,30.00000000000004,2.4999999999999787,7.5
University of Zurich,30.000000000000057,29.999999999999915,30.00000000000003,2.5000000000000036,7.5
Charité - Universitätsmedizin Berlin,29.999999999999943,29.999999999999986,30.00000000000003,2.4999999999999716,7.500000000000007
Utrecht University,30.000000000000057,30.0,30.000000000000085,2.5,7.4999999999998295
University of Warwick,29.999999999999886,30.000000000000057,30.0,2.5,7.499999999999915
Delft University of Technology,29.999999999999943,30.0,30.0,2.4999999999999964,7.5
University of Tübingen,30.000000000000057,30.000000000000057,29.99999999999997,2.4999999999999574,7.499999999999989
University of Groningen,30.000000000000085,29.999999999999943,29.999999999999943,2.5,7.500000000000043
Humboldt University of Berlin,30.00000000000003,30.00000000000003,29.99999999999995,2.5,7.499999999999993
Ohio State University (Main campus),29.9999999999998,30.000000000000057,30.00000000000003,2.4999999999999716,7.500000000000014
University of Freiburg,29.999999999999943,30.0,30.00000000000003,2.5,7.499999999999986
University of Copenhagen,30.000000000000078,29.999999999999943,29.999999999999986,2.5,7.5
Emory University,30.000000000000043,29.999999999999815,29.99999999999993,2.4999999999999574,7.499999999999929
University of Minnesota,30.0,29.99999999999997,29.99999999999997,2.5000000000000284,7.500000000000007
École Polytechnique,30.000000000000057,30.00000000000003,29.999999999999986,2.499999999999943,7.500000000000039
University of Science and Technology of China,30.0,30.0,29.999999999999943,2.5000000000000497,7.5
Sorbonne University,30.0,29.999999999999943,30.00000000000003,2.5000000000000355,7.500000000000014
University of Maryland College Park,29.999999999999922,30.000000000000085,29.99999999999997,2.5000000000000213,7.500000000000021
University of Bristol,30.000000000000057,29.999999999999943,30.0,2.5000000000000293,7.500000000000025
University of Basel,29.99999999999983,30.000000000000057,29.99999999999998,2.500000000000025,7.500000000000007
University of Glasgow,30.0,29.99999999999997,30.000000000000036,2.499999999999986,7.499999999999975
Purdue University West Lafayette,30.000000000000355,29.999999999999773,30.00000000000002,2.4999999999999076,7.500000000000014
Zhejiang University,29.99999999999997,30.0000000000002,29.99999999999998,2.500000000000014,7.500000000000014
Korea Advanced Institute of Science and Technology (KAIST),29.999999999999716,30.00000000000017,30.000000000000004,2.5,7.500000000000021
National Taiwan University (NTU),29.999999999999922,29.99999999999998,30.000000000000007,2.5000000000000426,7.499999999999972
University of California Irvine,30.000000000000018,29.999999999999986,30.000000000000014,2.5,7.5
University of Helsinki,30.000000000000057,30.0,30.000000000000043,2.5000000000000107,7.499999999999943
Shanghai Jiao Tong University,30.00000000000003,30.00000000000003,30.000000000000036,2.499999999999986,7.499999999999986
Dartmouth College,30.000000000000085,29.99999999999997,30.0,2.5000000000000213,7.500000000000014
Sungkyunkwan University (SKKU),30.0,30.0,30.00000000000003,2.5,7.500000000000043
Ghent University,29.999999999999943,29.999999999999915,30.00000000000007,2.5000000000000284,7.49999999999994
Lund University,29.99999999999983,29.99999999999997,30.000000000000064,2.500000000000032,7.499999999999993
Michigan State University,29.999999999999943,29.999999999999943,30.00000000000003,2.500000000000046,7.499999999999972
Aarhus University,29.999999999999922,29.99999999999997,29.999999999999964,2.5000000000000133,7.499999999999989
University of Birmingham,29.999999999999915,30.000000000000014,30.00000000000003,2.5000000000000533,7.499999999999957
RWTH Aachen University,29.99999999999997,30.0,30.000000000000007,2.5000000000000213,7.499999999999986
University of Bern,29.999999999999915,30.000000000000014,30.000000000000007,2.500000000000025,7.500000000000014
Queen Mary University of London,29.9999999999999,30.000000000000014,30.00000000000007,2.500000000000014,7.500000000000014
Nanjing University,29.999999999999932,30.00000000000003,29.999999999999968,2.5000000000000107,7.5
Uppsala University,29.999999999999986,29.99999999999997,30.00000000000002,2.5,7.500000000000043
Vanderbilt University,29.999999999999872,30.000000000000085,30.000000000000107,2.5000000000000426,7.499999999999908
University of Bonn,29.999999999999773,30.00000000000017,30.000000000000064,2.5000000000000284,7.499999999999915
Penn State (Main campus),30.000000000000057,29.999999999999858,29.99999999999997,2.4999999999999805,7.5
Vrije Universiteit Amsterdam,29.999999999999908,30.00000000000007,30.0,2.5000000000000497,7.499999999999936
University of Virginia (Main campus),29.99999999999997,29.999999999999943,29.999999999999957,2.5,7.500000000000014
University of Adelaide,29.999999999999986,29.99999999999993,29.99999999999997,2.5000000000000213,7.500000000000028
Free University of Berlin,29.999999999999943,29.99999999999997,30.000000000000004,2.4999999999999716,7.5000000000000355
Georgetown University,30.000000000000128,29.999999999999993,29.99999999999993,2.5000000000000284,7.50000000000003
Case Western Reserve University,30.000000000000128,30.0,29.999999999999957,2.5,7.500000000000028
Maastricht University,29.99999999999983,30.000000000000014,29.999999999999943,2.4999999999999574,7.499999999999879
University of Sheffield,30.000000000000014,29.999999999999943,30.000000000000007,2.499999999999943,7.499999999999972
University of Arizona,30.00000000000003,30.0,29.999999999999986,2.500000000000057,7.499999999999993
Rice University,29.999999999999858,29.999999999999943,30.000000000000085,2.4999999999999893,7.500000000000021
City University of Hong Kong,29.999999999999886,29.999999999999943,30.000000000000085,2.5,7.5000000000000036
University of Oslo,30.00000000000003,29.999999999999915,29.999999999999993,2.4999999999999893,7.5000000000000036
University of Southampton,30.0,30.000000000000114,30.00000000000003,2.5,7.499999999999972
Hong Kong Polytechnic University,30.00000000000003,29.999999999999943,30.0,2.5000000000000284,7.499999999999972
University of Göttingen,30.000000000000085,29.999999999999886,30.000000000000014,2.5000000000000355,7.500000000000007
University of Alberta,30.00000000000003,29.99999999999983,30.00000000000007,2.5000000000000284,7.500000000000007
University of Colorado Boulder,29.999999999999673,30.000000000000313,30.000000000000078,2.499999999999929,7.499999999999968
University of Pittsburgh-Pittsburgh campus,29.999999999999858,30.000000000000036,29.99999999999998,2.5,7.499999999999968
University of York,29.99999999999993,29.999999999999943,30.0,2.500000000000057,7.500000000000007
University of Hamburg,30.0,30.000000000000114,30.0,2.500000000000071,7.499999999999943
Lancaster University,30.00000000000003,30.000000000000043,29.99999999999997,2.5,7.5000000000000036
University of Paris,29.99999999999997,30.00000000000012,29.999999999999986,2.4999999999999787,7.499999999999957
Radboud University Nijmegen,29.99999999999983,30.00000000000017,30.00000000000005,2.4999999999999787,7.499999999999936
The University of Western Australia,30.0,30.0,30.0,2.5000000000000284,7.499999999999972
Indiana University,29.999999999999986,30.000000000000114,30.0,2.499999999999986,7.499999999999972
University of Mannheim,29.999999999999858,30.000000000000014,30.00000000000003,2.4999999999999645,7.499999999999972
Technical University of Berlin,29.999999999999858,30.000000000000114,30.0,2.4999999999999716,7.5
Ulm University,29.999999999999964,29.99999999999993,30.0,2.499999999999986,7.499999999999972
University of Würzburg,30.00000000000017,29.99999999999997,29.999999999999957,2.500000000000014,7.500000000000057
University of Cologne,30.000000000000043,29.99999999999997,30.00000000000005,2.5,7.499999999999979
University of Ottawa,29.999999999999957,29.999999999999943,29.999999999999957,2.5000000000000355,7.500000000000016
University of Auckland,29.999999999999915,30.000000000000114,30.00000000000005,2.499999999999991,7.49999999999995
University of Rochester,30.000000000000043,30.0,30.000000000000043,2.4999999999999893,7.499999999999957
Durham University,29.999999999999858,30.000000000000064,30.00000000000001,2.499999999999986,7.4999999999999645
University of Geneva,29.999999999999986,30.000000000000085,30.00000000000002,2.4999999999999787,7.499999999999972
Pohang University of Science and Technology (POSTECH),29.999999999999957,30.000000000000057,29.999999999999986,2.500000000000014,7.499999999999986
University of Florida,30.000000000000256,29.999999999999773,29.99999999999997,2.5000000000000284,7.500000000000014
Pompeu Fabra University,29.999999999999964,30.00000000000003,30.0,2.5000000000000355,7.500000000000014
TU Dresden,30.00000000000003,29.999999999999893,29.99999999999997,2.500000000000007,7.500000000000028
University of Cape Town,29.999999999999957,29.999999999999986,30.000000000000043,2.5000000000000107,7.5
Trinity College Dublin,30.0,30.000000000000043,29.999999999999975,2.4999999999999716,7.499999999999975
Tufts University,30.00000000000002,29.999999999999886,29.999999999999986,2.5000000000000284,7.5
Bielefeld University,30.00000000000003,30.000000000000057,29.999999999999993,2.500000000000007,7.499999999999986
University of Nottingham,30.000000000000057,30.0,29.99999999999997,2.499999999999943,7.499999999999986
University of Leeds,29.999999999999886,29.999999999999886,29.9999999999999,2.500000000000206,7.500000000000075
University of Sussex,30.00000000000003,30.0,29.99999999999997,2.500000000000014,7.499999999999943
University of Technology Sydney,30.000000000000156,29.999999999999915,29.99999999999998,2.4999999999999982,7.499999999999986
University of Liverpool,29.999999999999886,30.000000000000085,30.000000000000007,2.500000000000007,7.499999999999957
Université Catholique de Louvain,29.999999999999943,30.0,30.0,2.5,7.500000000000014
University of Vienna,30.000000000000014,29.99999999999993,29.99999999999998,2.5000000000000426,7.5
Rutgers the State University of New Jersey,29.99999999999997,30.0,30.00000000000004,2.5000000000000213,7.5
University of Bologna,30.000000000000057,29.999999999999943,30.000000000000014,2.499999999999986,7.5
Korea University,30.00000000000003,29.999999999999886,29.999999999999993,2.5000000000000284,7.500000000000043
University of Alabama at Birmingham,30.000000000000078,30.0,30.000000000000014,2.5000000000000213,7.500000000000007
University of Antwerp,30.0,30.000000000000057,29.99999999999998,2.499999999999943,7.4999999999999645
University of Leicester,30.000000000000043,30.0000000000001,30.00000000000003,2.499999999999986,7.500000000000007
University of Notre Dame,30.000000000000007,30.0,30.000000000000043,2.5000000000000284,7.500000000000014
Sant’Anna School of Advanced Studies – Pisa,29.999999999999858,30.000000000000142,29.99999999999999,2.4999999999999964,7.500000000000005
University of Exeter,29.99999999999997,30.0,30.0,2.5000000000000036,7.500000000000021
Lomonosov Moscow State University,29.99999999999997,29.999999999999886,30.0,2.5000000000000338,7.500000000000028
Northeastern University,29.999999999999865,30.000000000000068,29.99999999999997,2.5000000000000284,7.500000000000021
Ulsan National Institute of Science and Technology (UNIST),30.0000000000001,30.00000000000002,30.00000000000003,2.5000000000000053,7.499999999999986
University of Aberdeen,30.00000000000003,29.999999999999996,30.000000000000004,2.5000000000000036,7.5
Newcastle University,29.999999999999957,30.000000000000057,30.000000000000014,2.5,7.499999999999972
Paris-Saclay University,29.999999999999943,30.00000000000003,30.00000000000002,2.4999999999999822,7.500000000000014
Scuola Normale Superiore di Pisa,29.999999999999957,29.99999999999993,30.000000000000036,2.5000000000000178,7.499999999999986
Autonomous University of Barcelona,30.00000000000003,29.999999999999943,30.00000000000005,2.4999999999999574,7.500000000000016
Stockholm University,30.00000000000007,29.99999999999983,29.99999999999997,2.499999999999943,7.500000000000073
Arizona State University (Tempe),30.000000000000057,29.999999999999915,30.000000000000014,2.5,7.499999999999957
University of Canberra,30.00000000000003,29.99999999999997,30.0,2.500000000000014,7.499999999999986
Queensland University of Technology,29.9999999999999,29.99999999999997,30.00000000000007,2.5000000000000995,7.499999999999915
Eindhoven University of Technology,30.000000000000057,29.999999999999915,30.000000000000036,2.500000000000014,7.5
George Washington University,30.000000000000014,29.999999999999957,30.000000000000057,2.5000000000000853,7.499999999999943
Technical University of Denmark,30.0,30.00000000000003,29.999999999999943,2.4999999999999147,7.500000000000114
Yonsei University (Seoul campus),29.99999999999998,30.000000000000085,30.000000000000014,2.4999999999999503,7.499999999999986
Cardiff University,29.9999999999999,30.000000000000043,29.999999999999993,2.5000000000000107,7.500000000000007
University of Gothenburg,29.999999999999872,30.00000000000003,30.000000000000014,2.5000000000000355,7.500000000000021
University of Lausanne,29.9999999999999,30.0000000000001,29.999999999999993,2.499999999999993,7.499999999999993
Tel Aviv University,29.9999999999999,30.00000000000003,30.000000000000078,2.5,7.499999999999986
Macquarie University,30.0,30.000000000000114,29.999999999999986,2.500000000000039,7.499999999999972
University of Münster,29.99999999999983,30.000000000000057,29.999999999999986,2.500000000000064,7.499999999999979
Texas A&M University,29.99999999999997,30.000000000000114,30.000000000000014,2.4999999999999716,7.500000000000011
University of Barcelona,29.999999999999773,30.000000000000114,30.000000000000014,2.5,7.500000000000021
University of Erlangen-Nuremberg,29.99999999999983,30.00000000000017,30.000000000000014,2.5000000000000213,7.499999999999957
University of Calgary,30.0,29.99999999999997,30.00000000000002,2.499999999999993,7.499999999999993
University of East Anglia,30.000000000000114,30.000000000000057,29.999999999999986,2.4999999999999716,7.499999999999972
Queen’s University Belfast,30.0,30.00000000000003,30.000000000000004,2.4999999999999503,7.49999999999995
Aalborg University,30.000000000000025,30.000000000000036,29.99999999999996,2.500000000000039,7.5000000000000515
Aalto University,29.999999999999957,30.0,29.99999999999997,2.5,7.500000000000041
University of Bath,30.000000000000007,30.000000000000092,30.000000000000014,2.4999999999999645,7.4999999999999964
University of Bergen,29.999999999999986,30.0,30.000000000000018,2.499999999999975,7.499999999999993
Brandeis University,30.0000000000001,30.000000000000007,29.999999999999996,2.4999999999999574,7.500000000000057
University of California Santa Cruz,30.000000000000114,29.999999999999943,29.999999999999968,2.500000000000014,7.5000000000000036
Chalmers University of Technology,30.000000000000007,29.999999999999986,29.99999999999999,2.5000000000000355,7.500000000000021
Copenhagen Business School,29.999999999999986,30.000000000000014,30.000000000000007,2.499999999999977,7.4999999999999964
Curtin University,30.00000000000007,30.000000000000057,29.999999999999964,2.4999999999999503,7.500000000000014
University of Duisburg-Essen,29.999999999999986,30.0,30.000000000000004,2.4999999999999716,7.4999999999999645
University of Dundee,30.000000000000114,29.999999999999915,29.999999999999957,2.499999999999943,7.499999999999972
Griffith University,29.999999999999908,30.00000000000003,29.999999999999993,2.5,7.500000000000014
University of Hawai’i at Mānoa,30.0,29.999999999999993,30.0,2.4999999999999716,7.499999999999986
Hebrew University of Jerusalem,29.999999999999915,30.0,30.000000000000057,2.500000000000071,7.500000000000043
University of Hohenheim,30.0000000000001,29.999999999999943,29.99999999999997,2.500000000000007,7.500000000000039
Howard University,30.00000000000007,29.99999999999995,30.00000000000001,2.5,7.500000000000014
University of Iowa,30.000000000000085,29.999999999999947,29.99999999999997,2.4999999999999716,7.50000000000005
James Cook University,29.99999999999997,30.000000000000057,30.000000000000057,2.5000000000000213,7.500000000000014
Karlsruhe Institute of Technology,30.000000000000085,29.999999999999858,30.00000000000004,2.5000000000000355,7.499999999999961
King Abdulaziz University,29.99999999999998,30.000000000000014,29.99999999999998,2.5000000000000426,7.499999999999968
KTH Royal Institute of Technology,30.0,30.0,29.99999999999997,2.4999999999999716,7.499999999999968
La Trobe University,30.000000000000114,29.999999999999922,29.99999999999995,2.499999999999943,7.499999999999986
Université Libre de Bruxelles,30.000000000000085,29.99999999999993,29.999999999999993,2.5000000000000426,7.5
University of Luxembourg,29.999999999999986,29.99999999999997,29.99999999999997,2.500000000000007,7.50000000000005
University of Massachusetts,29.99999999999993,29.999999999999986,29.999999999999993,2.500000000000007,7.499999999999972
Medical University of Graz,30.0,29.999999999999943,29.999999999999982,2.5000000000000426,7.500000000000064
Medical University of Innsbruck,30.00000000000003,30.0,29.999999999999996,2.5000000000000284,7.499999999999972
Medical University of Vienna,29.9999999999998,30.0000000000002,30.000000000000014,2.5,7.5
University of Miami,29.999999999999886,29.999999999999943,30.00000000000002,2.499999999999986,7.500000000000059
Moscow Institute of Physics and Technology (MIPT),30.00000000000003,29.999999999999957,29.999999999999986,2.5,7.499999999999986
University of Otago,30.000000000000085,29.999999999999822,30.000000000000014,2.4999999999999787,7.5000000000000036
RCSI University of Medicine and Health Sciences,30.00000000000003,30.000000000000142,29.99999999999998,2.499999999999993,7.499999999999972
University of Reading,29.999999999999943,30.00000000000003,30.0,2.5000000000000604,7.500000000000007
St George’s University of London,30.000000000000085,29.999999999999915,30.00000000000003,2.4999999999999716,7.50000000000005
University of São Paulo,30.0,29.999999999999986,29.999999999999968,2.5000000000000107,7.499999999999993
Sapienza University of Rome,30.000000000000103,29.999999999999915,29.99999999999998,2.500000000000025,7.500000000000057
University of South Florida (Tampa),29.999999999999773,30.000000000000156,29.999999999999986,2.499999999999943,7.5000000000000355
University of St Andrews,29.99999999999997,29.999999999999915,30.00000000000002,2.500000000000014,7.500000000000025
Télécom Paris,30.000000000000057,30.000000000000057,30.000000000000057,2.4999999999999503,7.4999999999999645
Tilburg University,30.000000000000142,29.999999999999865,29.99999999999993,2.4999999999999574,7.500000000000028
Tohoku University,30.000000000000043,29.999999999999886,30.00000000000002,2.5000000000000497,7.499999999999936
University of Twente,30.0,30.00000000000003,29.99999999999998,2.499999999999929,7.499999999999986
University of Utah,29.999999999999915,30.00000000000005,30.00000000000005,2.4999999999999574,7.500000000000014
Virginia Polytechnic Institute and State University,30.000000000000043,29.999999999999993,29.999999999999957,2.4999999999999787,7.500000000000071
University of Waterloo,30.00000000000003,29.99999999999997,29.999999999999993,2.500000000000007,7.500000000000057
Western University,29.999999999999886,30.00000000000015,30.0,2.499999999999986,7.499999999999986
University of the Witwatersrand,30.000000000000114,29.999999999999858,30.0,2.5000000000000284,7.5
University of Wollongong,29.999999999999943,30.000000000000057,30.000000000000007,2.499999999999986,7.499999999999986
Alfaisal University,30.000000000000014,29.999999999999886,30.0,2.4999999999999734,7.5
Auckland University of Technology,29.99999999999997,29.99999999999993,30.00000000000007,2.5,7.500000000000012
Australian Catholic University,30.000000000000114,30.0,29.99999999999997,2.499999999999943,7.50000000000005
Brighton and Sussex Medical School,30.000000000000057,30.000000000000057,30.000000000000007,2.500000000000014,7.499999999999991
University at Buffalo,30.0,30.00000000000003,29.99999999999998,2.4999999999999645,7.500000000000043
University of California Riverside,29.999999999999886,29.999999999999915,30.000000000000007,2.500000000000064,7.499999999999982
University of Cincinnati,30.000000000000114,29.99999999999997,29.99999999999997,2.499999999999993,7.500000000000037
Dalhousie University,30.0,29.999999999999943,29.999999999999986,2.499999999999986,7.500000000000014
Deakin University,29.999999999999858,29.99999999999997,30.0,2.499999999999993,7.499999999999993
École des Ponts ParisTech,30.0,30.000000000000043,30.000000000000014,2.5000000000000284,7.499999999999986
École Normale Supérieure de Lyon,29.999999999999915,29.99999999999997,30.000000000000018,2.500000000000071,7.499999999999982
Flinders University,30.000000000000057,30.000000000000014,30.000000000000018,2.5,7.5
Florida State University,30.000000000000085,29.999999999999886,30.000000000000014,2.5000000000000284,7.499999999999986
Friedrich Schiller University Jena,29.999999999999957,30.000000000000043,30.0,2.499999999999986,7.4999999999999964
George Mason University,30.00000000000017,29.999999999999858,29.99999999999993,2.5000000000000284,7.500000000000018
Goethe University Frankfurt,30.000000000000142,30.0,29.99999999999998,2.499999999999943,7.5000000000000036
HSE University,29.999999999999986,29.999999999999915,29.999999999999954,2.499999999999993,7.500000000000028
University of Illinois at Chicago,30.000000000000007,30.0,29.999999999999993,2.500000000000014,7.5
Jacobs University,30.00000000000002,29.9999999999999,30.000000000000014,2.500000000000014,7.500000000000028
University of Kiel,30.00000000000002,30.00000000000003,29.99999999999997,2.4999999999998863,7.50000000000005
University of Konstanz,29.99999999999983,29.99999999999993,30.00000000000004,2.5000000000000284,7.499999999999986
Kyung Hee University,30.00000000000003,30.0,30.000000000000014,2.500000000000064,7.499999999999979
Université Laval,30.000000000000057,29.999999999999886,30.0,2.5,7.500000000000028
Macau University of Science and Technology,30.000000000000114,29.999999999999986,30.000000000000007,2.5000000000000213,7.499999999999986
University of Navarra,29.999999999999943,30.000000000000007,30.00000000000003,2.499999999999943,7.500000000000007
University of Newcastle,30.000000000000043,30.000000000000043,29.999999999999957,2.4999999999999716,7.499999999999993
University of New Mexico (Main campus),30.000000000000156,29.99999999999993,29.999999999999986,2.5000000000000284,7.499999999999988
Nova Southeastern University,29.999999999999915,30.0,30.000000000000075,2.5,7.5000000000000036
Oregon Health and Science University,30.000000000000085,30.0,29.999999999999993,2.499999999999975,7.4999999999999805
University of Padua,30.0,29.999999999999943,30.00000000000007,2.500000000000014,7.499999999999972
University of Potsdam,30.00000000000005,30.000000000000078,29.999999999999986,2.500000000000014,7.499999999999957
Queen’s University,30.00000000000002,29.999999999999986,30.000000000000014,2.4999999999999716,7.5
Ruhr University Bochum,30.000000000000227,29.99999999999983,29.999999999999986,2.5000000000000284,7.500000000000014
Simon Fraser University,29.99999999999997,30.0,30.000000000000057,2.500000000000057,7.500000000000028
University of Southern Denmark,30.000000000000156,29.999999999999858,30.000000000000014,2.5000000000000107,7.499999999999979
Southern University of Science and Technology (SUSTech),30.00000000000005,29.999999999999943,30.000000000000014,2.5000000000000195,7.5
State University of New York Albany,29.99999999999997,29.999999999999886,30.000000000000053,2.499999999999986,7.499999999999972
Stellenbosch University,30.000000000000114,30.0,29.99999999999995,2.499999999999986,7.500000000000025
Sun Yat-sen University,30.000000000000057,29.999999999999943,29.999999999999993,2.5,7.499999999999986
University of Surrey,29.9999999999998,29.99999999999997,30.000000000000107,2.5,7.499999999999972
Swansea University,29.999999999999943,30.0,30.000000000000014,2.4999999999999893,7.499999999999993
University of Tartu,30.000000000000014,30.0,29.999999999999957,2.5000000000000426,7.500000000000014
Università della Svizzera Italiana,30.000000000000185,30.000000000000114,29.99999999999997,2.4999999999999503,7.499999999999993
University College Dublin,30.00000000000003,29.99999999999997,30.000000000000057,2.4999999999999254,7.500000000000007
Vita-Salute San Raffaele University,30.000000000000036,29.999999999999915,29.99999999999995,2.499999999999993,7.5000000000000355
Vrije Universiteit Brussel,29.999999999999943,30.000000000000043,30.000000000000085,2.499999999999858,7.500000000000039
Wake Forest University,29.999999999999957,29.9999999999998,29.99999999999998,2.500000000000128,7.500000000000039
Western Sydney University,29.999999999999986,30.00000000000003,29.99999999999993,2.500000000000014,7.500000000000046
William & Mary,30.0,30.0,30.00000000000003,2.5000000000000426,7.4999999999999964
American University of Beirut,30.00000000000005,30.0,30.000000000000007,2.500000000000014,7.5000000000000036
Anglia Ruskin University ARU,29.99999999999983,30.000000000000185,30.000000000000092,2.500000000000007,7.499999999999961
Autonomous University of Madrid,30.000000000000043,30.000000000000114,29.99999999999997,2.499999999999943,7.499999999999972
Beijing Normal University,29.999999999999886,30.000000000000085,30.000000000000064,2.5,7.499999999999989
Boston College,29.999999999999986,29.999999999999943,30.0,2.500000000000014,7.500000000000007
University of California Merced,30.0000000000001,29.999999999999886,30.000000000000007,2.500000000000057,7.500000000000028
University of Colorado Denver,30.00000000000007,29.99999999999997,29.999999999999936,2.5,7.5000000000000355
Cyprus University of Technology,29.99999999999997,30.000000000000043,29.999999999999986,2.5000000000000426,7.5000000000000036
University of Delaware,30.000000000000057,30.0,30.000000000000018,2.5,7.499999999999993
University of Essex,29.999999999999915,29.99999999999997,29.999999999999915,2.5000000000001066,7.499999999999972
University of Greifswald,30.00000000000017,29.99999999999983,29.999999999999957,2.5,7.5
Huazhong University of Science and Technology,30.0,29.99999999999997,29.999999999999986,2.500000000000007,7.499999999999972
Illinois Institute of Technology,29.999999999999986,30.000000000000014,30.0,2.5000000000000426,7.5
Indian Institute of Science,29.99999999999999,29.999999999999943,30.000000000000025,2.5000000000000426,7.5
Johannes Gutenberg University of Mainz,29.999999999999886,30.000000000000057,30.00000000000002,2.5000000000000853,7.5
University of Kent,29.99999999999995,30.000000000000142,30.00000000000002,2.5,7.499999999999982
University of Klagenfurt,30.000000000000128,29.999999999999886,30.0,2.5000000000000213,7.500000000000007
Kurdistan University of Medical Sciences,29.999999999999886,30.000000000000114,30.000000000000014,2.499999999999993,7.500000000000043
University of Macau,30.0,30.000000000000014,29.999999999999964,2.5000000000000284,7.500000000000012
University of Malaya,29.999999999999893,30.0,30.000000000000014,2.5,7.499999999999972
University of Marburg,30.000000000000114,29.999999999999773,29.99999999999997,2.500000000000341,7.499999999999972
Montpellier University,29.999999999999886,30.0,30.00000000000002,2.5,7.499999999999979
National University of Ireland Galway,30.000000000000114,29.999999999999545,30.000000000000014,2.500000000000031,7.500000000000128
North Carolina State University,29.99999999999993,29.999999999999886,29.99999999999993,2.5000000000000284,7.499999999999986
University of Oregon,30.000000000000142,29.999999999999915,29.99999999999998,2.500000000000014,7.500000000000028
University of Oulu,30.0,29.999999999999986,29.999999999999986,2.500000000000009,7.4999999999999805
University of Passau,30.0,30.000000000000057,29.999999999999986,2.500000000000007,7.500000000000043
Peter the Great St Petersburg Polytechnic University,29.999999999999986,30.000000000000128,29.99999999999997,2.500000000000014,7.499999999999979
Qatar University,29.999999999999858,30.00000000000003,30.0,2.5,7.499999999999986
Reykjavík University,30.0,30.000000000000085,30.000000000000007,2.499999999999986,7.500000000000007
RMIT University,30.0000000000002,29.99999999999983,30.0,2.4999999999999574,7.500000000000028
Royal Holloway University of London,30.00000000000003,30.000000000000096,29.99999999999997,2.5,7.499999999999979
Rush University,29.999999999999936,30.000000000000085,30.0,2.499999999999986,7.500000000000014
Sejong University,30.000000000000085,30.0,29.999999999999975,2.499999999999986,7.499999999999972
University of South Australia,30.00000000000017,29.99999999999983,30.00000000000004,2.500000000000007,7.5000000000000355
University of Stirling,30.000000000000313,29.99999999999973,30.000000000000025,2.499999999999986,7.500000000000014
Stony Brook University,30.000000000000142,29.999999999999915,29.999999999999964,2.500000000000014,7.500000000000007
Syracuse University,29.999999999999822,30.00000000000007,30.00000000000001,2.5,7.500000000000043
Taipei Medical University,29.99999999999997,30.000000000000007,29.999999999999996,2.500000000000007,7.499999999999989
Tampere University,30.000000000000036,30.000000000000043,29.99999999999997,2.4999999999999893,7.5
Technical University of Darmstadt,30.00000000000003,29.999999999999886,29.999999999999964,2.5000000000000355,7.5000000000000355
Temple University,30.0,29.999999999999915,29.999999999999964,2.5000000000000533,7.500000000000014
The University of Tennessee-Knoxville,29.99999999999997,30.000000000000057,30.00000000000003,2.4999999999999787,7.500000000000021
University of Texas at Dallas,29.99999999999997,30.00000000000003,30.000000000000004,2.5000000000000284,7.5
Tokyo Institute of Technology,30.0,30.0,29.999999999999964,2.500000000000025,7.5
University of Trento,29.999999999999886,30.000000000000227,29.999999999999993,2.499999999999858,7.499999999999943
Tulane University,30.000000000000085,29.999999999999886,29.99999999999995,2.5000000000000284,7.500000000000007
United Arab Emirates University,29.999999999999943,30.000000000000085,30.000000000000018,2.500000000000014,7.5
University College Cork,30.0,30.00000000000003,29.999999999999986,2.5000000000000178,7.500000000000014
Washington State University,30.0,30.00000000000007,30.000000000000007,2.499999999999968,7.499999999999982
Wuhan University,30.0,30.0,30.000000000000007,2.5000000000000213,7.500000000000014
Aix-Marseille University,29.999999999999936,30.00000000000003,29.999999999999986,2.5,7.500000000000014
Babol Noshirvani University of Technology,30.000000000000057,29.999999999999872,29.999999999999993,2.500000000000014,7.500000000000021
University of Bayreuth,30.0,30.000000000000114,30.00000000000002,2.5,7.5000000000000036
Birkbeck University of London,29.99999999999997,29.999999999999943,30.000000000000036,2.5,7.5
Universiti Brunei Darussalam,29.999999999999886,30.000000000000057,30.00000000000003,2.5,7.499999999999972
Brunel University London,30.000000000000114,29.999999999999886,29.999999999999996,2.5000000000000107,7.500000000000007
Catholic University of Portugal,29.99999999999993,29.99999999999997,30.000000000000007,2.500000000000032,7.500000000000007
Central South University,30.0000000000001,29.99999999999997,30.000000000000043,2.499999999999986,7.49999999999995
City University of London,30.000000000000057,29.99999999999997,29.999999999999982,2.499999999999986,7.5
University of Crete,29.99999999999983,30.000000000000114,29.999999999999993,2.500000000000007,7.499999999999979
Drexel University,30.000000000000014,30.000000000000114,30.00000000000002,2.4999999999999716,7.49999999999995
East China Normal University,29.999999999999943,29.99999999999983,30.000000000000004,2.5000000000000284,7.5000000000000675
