university_name,teaching,research,citations,income,international
University of Oxford,29.99999999999966,30.000000000000384,29.99999999999997,2.499999999999943,7.499999999999773
California Institute of Technology,29.999999999999886,29.999999999999957,30.000000000000142,2.5,7.499999999999915
University of Cambridge,30.0,30.000000000000114,30.000000000000014,2.4999999999999645,7.499999999999886
Stanford University,29.99999999999966,30.000000000000114,30.000000000000014,2.5000000000000355,7.499999999999915
Massachusetts Institute of Technology,29.999999999999773,30.000000000000227,30.000000000000114,2.5000000000000284,7.499999999999872
Princeton University,29.999999999999773,30.0,30.000000000000128,2.500000000000071,7.499999999999915
Harvard University,29.999999999999886,30.0,30.000000000000057,2.500000000000073,7.5
Yale University,30.000000000000114,29.999999999999886,29.99999999999997,2.500000000000057,7.500000000000028
The University of Chicago,30.000000000000227,29.999999999999886,30.000000000000014,2.499999999999986,7.500000000000057
Imperial College London,30.000000000000057,30.0,30.000000000000014,2.500000000000007,7.499999999999914
University of Pennsylvania,29.999999999999886,30.0,30.000000000000043,2.5000000000000413,7.499999999999943
Johns Hopkins University,29.999999999999886,30.000000000000114,29.999999999999915,2.499999999999954,7.499999999999943
University of California,29.999999999999773,30.000000000000114,30.000000000000142,2.5000000000000675,7.499999999999915
ETH Zurich,29.99999999999966,30.000000000000455,30.000000000000178,2.500000000000007,7.4999999999998295
UCL,29.999999999999886,30.000000000000114,30.000000000000064,2.4999999999999716,7.499999999999943
Columbia University,29.999999999999943,30.000000000000114,30.00000000000015,2.499999999999986,7.499999999999915
University of California,30.000000000000114,29.99999999999983,30.000000000000014,2.5,7.499999999999943
University of Toronto,29.99999999999993,30.0,30.000000000000014,2.5000000000000284,7.499999999999915
Cornell University,29.999999999999886,30.000000000000117,30.000000000000032,2.500000000000024,7.499999999999972
Duke University,29.9999999999999,30.000000000000124,30.000000000000004,2.500000000000014,7.499999999999881
University of Michigan-Ann Arbor,29.999999999999925,30.000000000000146,30.000000000000043,2.499999999999997,7.4999999999999325
Northwestern University,29.999999999999943,30.000000000000036,30.000000000000018,2.500000000000019,7.4999999999999964
Tsinghua University,30.0,30.000000000000025,29.999999999999986,2.49999999999996,7.499999999999965
Peking University,29.999999999999872,30.000000000000192,29.999999999999996,2.5000000000000093,7.49999999999992
National University of Singapore,29.999999999999943,30.000000000000057,30.000000000000057,2.5000000000000213,7.499999999999972
University of Washington,30.000000000000227,29.999999999999886,29.99999999999997,2.5,7.500000000000021
Carnegie Mellon University,29.999999999999943,30.000000000000057,30.000000000000014,2.4999999999999787,7.499999999999943
London School of Economics and Political Science,30.000000000000057,29.999999999999943,30.0,2.5,7.5
New York University,29.99999999999983,30.000000000000114,29.999999999999986,2.5000000000000213,7.499999999999915
University of Edinburgh,30.000000000000057,30.000000000000057,30.000000000000014,2.5000000000000426,7.499999999999972
University of California,30.000000000000085,29.999999999999943,29.99999999999996,2.4999999999999987,7.500000000000012
LMU Munich,29.999999999999886,30.000000000000114,30.000000000000036,2.500000000000007,7.499999999999922
University of Melbourne,30.000000000000114,30.0,29.999999999999915,2.5,7.5
University of British Columbia,29.99999999999983,30.000000000000227,30.00000000000003,2.5000000000000497,7.499999999999858
University of Hong Kong,30.000000000000114,29.999999999999886,29.999999999999986,2.499999999999975,7.499999999999993
King’s College London,30.000000000000057,30.000000000000057,29.999999999999957,2.5,7.500000000000014
The University of Tokyo,30.0,30.000000000000057,30.00000000000003,2.499999999999993,7.499999999999915
École Polytechnique Fédérale de Lausanne,30.0,30.0,29.99999999999998,2.499999999999986,7.499999999999993
Georgia Institute of Technology,29.99999999999983,30.000000000000142,30.00000000000005,2.5000000000000107,7.5
University of Texas at Austin,29.999999999999943,30.0,30.000000000000085,2.500000000000046,7.499999999999879
Karolinska Institute,29.999999999999943,30.000000000000085,30.00000000000005,2.500000000000032,7.499999999999943
McGill University,29.999999999999773,30.00000000000017,30.00000000000005,2.5000000000000284,7.499999999999957
Technical University of Munich,30.000000000000057,29.999999999999943,29.999999999999943,2.499999999999986,7.500000000000021
Heidelberg University,29.999999999999943,29.999999999999943,29.99999999999997,2.4999999999999893,7.499999999999979
KU Leuven,30.000000000000057,29.999999999999943,30.0,2.499999999999996,7.499999999999979
Paris Sciences et Lettres – PSL Research University Paris,30.000000000000227,29.999999999999886,29.99999999999997,2.5000000000000133,7.500000000000043
The Hong Kong University of Science and Technology,30.000000000000057,30.0,30.0,2.500000000000025,7.4999999999999645
University of Illinois at Urbana-Champaign,30.0,29.999999999999943,29.999999999999986,2.499999999999975,7.5000000000000675
Nanyang Technological University,30.000000000000114,29.999999999999886,29.99999999999997,2.5000000000000036,7.500000000000007
Australian National University,29.999999999999886,30.0,30.000000000000014,2.4999999999999893,7.500000000000021
University of Wisconsin-Madison,29.999999999999886,30.000000000000114,30.00000000000007,2.500000000000032,7.5
Washington University in St Louis,29.999999999999943,30.000000000000057,30.00000000000003,2.4999999999999893,7.500000000000071
Brown University,30.000000000000114,29.999999999999886,30.0,2.5000000000000107,7.499999999999993
University of North Carolina at Chapel Hill,30.0,30.0,29.99999999999995,2.499999999999975,7.499999999999979
University of California,29.99999999999983,30.000000000000114,30.0,2.500000000000032,7.500000000000021
University of Manchester,30.000000000000057,30.000000000000114,29.99999999999997,2.500000000000007,7.499999999999986
University of California,29.999999999999858,30.000000000000057,30.000000000000025,2.5000000000000577,7.500000000000012
Chinese University of Hong Kong,29.999999999999886,30.000000000000227,30.000000000000057,2.5000000000000284,7.49999999999995
Wageningen University & Research,29.999999999999943,30.000000000000057,30.0,2.499999999999991,7.499999999999957
University of Sydney,29.999999999999943,29.999999999999943,30.000000000000014,2.4999999999999964,7.499999999999979
Boston University,29.999999999999943,30.000000000000057,30.0,2.499999999999986,7.499999999999986
University of Amsterdam,30.00000000000003,30.00000000000003,29.999999999999957,2.499999999999945,7.5000000000000355
University of Southern California,30.00000000000017,30.000000000000057,29.99999999999997,2.5,7.500000000000007
Seoul National University,30.0,30.00000000000003,29.99999999999998,2.5000000000000036,7.500000000000043
Kyoto University,30.0,29.999999999999915,29.99999999999997,2.4999999999999645,7.500000000000028
The University of Queensland,29.999999999999943,30.000000000000114,29.99999999999995,2.500000000000032,7.500000000000028
Delft University of Technology,30.00000000000017,29.999999999999915,30.000000000000036,2.4999999999999645,7.500000000000043
Leiden University,30.0,29.99999999999997,30.00000000000002,2.500000000000062,7.500000000000007
Erasmus University Rotterdam,29.99999999999983,30.00000000000017,30.000000000000043,2.5000000000000195,7.499999999999943
Ohio State University (Main campus),29.999999999999773,30.00000000000017,30.000000000000036,2.499999999999968,7.499999999999957
UNSW Sydney,30.0,30.000000000000085,30.000000000000014,2.500000000000025,7.500000000000021
McMaster University,29.999999999999886,30.000000000000085,30.00000000000002,2.4999999999999964,7.499999999999957
University of Groningen,29.999999999999915,30.0,30.00000000000002,2.4999999999999574,7.4999999999999645
Humboldt University of Berlin,29.999999999999915,30.000000000000085,30.000000000000014,2.5000000000000187,7.499999999999929
Monash University,29.999999999999886,30.000000000000057,29.999999999999986,2.4999999999999822,7.499999999999957
Utrecht University,29.999999999999886,30.00000000000003,30.00000000000003,2.5000000000000284,7.4999999999999645
University of Warwick,30.00000000000017,29.999999999999858,29.999999999999936,2.4999999999999343,7.500000000000028
Penn State (Main campus),29.999999999999687,30.000000000000227,30.000000000000057,2.5000000000000604,7.5
University of Minnesota,29.999999999999943,30.00000000000003,30.00000000000005,2.5000000000000426,7.4999999999999645
Charité - Universitätsmedizin Berlin,29.999999999999943,30.000000000000114,30.000000000000014,2.5,7.499999999999986
Emory University,30.00000000000017,29.999999999999858,29.999999999999964,2.499999999999991,7.499999999999986
University of Science and Technology of China,30.0,30.000000000000085,30.000000000000014,2.500000000000025,7.499999999999972
Sorbonne University,29.999999999999964,30.000000000000007,29.999999999999993,2.4999999999999645,7.499999999999998
Michigan State University,29.999999999999943,30.0,30.00000000000003,2.500000000000033,7.5
University of Montreal,29.999999999999886,30.000000000000114,29.999999999999957,2.5000000000000107,7.499999999999972
University of Freiburg,30.0,30.0,30.000000000000007,2.499999999999975,7.499999999999972
University of Bristol,29.999999999999943,30.0,30.000000000000043,2.500000000000032,7.499999999999972
Purdue University West Lafayette,29.999999999999886,30.000000000000114,30.00000000000003,2.499999999999986,7.499999999999957
Sungkyunkwan University (SKKU),30.000000000000057,30.000000000000057,29.999999999999986,2.499999999999986,7.499999999999986
University of Zurich,30.0,30.000000000000085,30.00000000000003,2.500000000000033,7.500000000000014
University of Maryland,29.99999999999983,30.000000000000114,30.000000000000046,2.499999999999978,7.499999999999986
University of Tübingen,30.000000000000114,30.0,30.00000000000003,2.5000000000000178,7.500000000000043
École Polytechnique,30.000000000000068,29.999999999999975,30.000000000000043,2.4999999999999893,7.4999999999999805
University of Basel,29.999999999999943,29.999999999999943,29.99999999999997,2.4999999999999787,7.500000000000028
Dartmouth College,30.000000000000043,30.000000000000014,30.00000000000002,2.49999999999999,7.499999999999957
University of California,29.99999999999983,30.000000000000085,30.000000000000036,2.5000000000000746,7.499999999999972
University of Helsinki,30.000000000000085,29.999999999999915,29.99999999999995,2.4999999999999907,7.500000000000043
Lund University,30.000000000000085,29.999999999999915,29.99999999999995,2.4999999999999885,7.500000000000007
University of Glasgow,30.0,30.0,29.999999999999986,2.500000000000025,7.500000000000028
RWTH Aachen University,29.999999999999943,30.00000000000017,29.99999999999998,2.500000000000025,7.499999999999929
University of Copenhagen,29.999999999999872,30.000000000000085,29.99999999999997,2.5000000000000036,7.4999999999999964
Georgetown University,30.0,30.000000000000085,29.99999999999998,2.49999999999995,7.50000000000005
Uppsala University,29.999999999999943,30.000000000000114,29.999999999999982,2.500000000000051,7.49999999999995
University of Arizona,29.999999999999886,30.00000000000017,30.00000000000003,2.5000000000000284,7.499999999999957
University of Bonn,30.0,30.000000000000057,30.000000000000007,2.500000000000014,7.500000000000014
Rice University,29.99999999999997,30.00000000000003,29.999999999999982,2.4999999999999627,7.5
University of Virginia (Main campus),29.999999999999982,30.000000000000142,30.000000000000018,2.5000000000000213,7.500000000000021
Zhejiang University,30.000000000000114,30.0,29.999999999999982,2.500000000000014,7.500000000000048
Fudan University,29.999999999999957,30.000000000000057,30.000000000000014,2.500000000000039,7.5
Korea Advanced Institute of Science and Technology (KAIST),30.000000000000085,29.999999999999943,30.00000000000002,2.500000000000007,7.500000000000028
Queen Mary University of London,30.0,29.99999999999997,30.000000000000007,2.5000000000000213,7.499999999999986
University of Birmingham,29.99999999999993,30.0,29.99999999999995,2.5,7.500000000000014
University of Bern,29.999999999999943,30.000000000000043,29.99999999999998,2.500000000000071,7.500000000000014
University of Pittsburgh-Pittsburgh campus,29.99999999999993,30.0,30.0,2.5,7.5
Aarhus University,30.000000000000014,29.99999999999997,29.999999999999986,2.5000000000000213,7.500000000000014
Vanderbilt University,30.0,30.000000000000057,29.999999999999986,2.4999999999999787,7.499999999999986
Free University of Berlin,30.000000000000085,29.999999999999886,29.999999999999975,2.5000000000000213,7.500000000000028
University of Sheffield,29.999999999999986,30.000000000000142,30.000000000000043,2.5000000000000213,7.499999999999986
Case Western Reserve University,30.00000000000003,29.9999999999999,29.999999999999957,2.500000000000007,7.500000000000057
University of Adelaide,29.999999999999943,30.000000000000085,30.000000000000007,2.5,7.500000000000014
National Taiwan University (NTU),29.999999999999986,30.000000000000085,29.999999999999986,2.5000000000000533,7.499999999999986
University of Southampton,29.999999999999986,29.99999999999997,29.999999999999993,2.5000000000000053,7.499999999999957
Ghent University,29.999999999999886,30.000000000000114,30.000000000000004,2.500000000000023,7.500000000000028
University of Colorado Boulder,29.999999999999957,30.000000000000114,29.99999999999997,2.499999999999986,7.5
University of Göttingen,29.999999999999943,30.000000000000057,30.000000000000025,2.500000000000016,7.500000000000014
City University of Hong Kong,30.000000000000057,29.99999999999997,29.999999999999957,2.499999999999968,7.499999999999986
Maastricht University,29.99999999999999,29.99999999999997,29.999999999999993,2.500000000000014,7.499999999999979
Radboud University Nijmegen,30.000000000000025,29.9999999999999,29.99999999999999,2.4999999999999893,7.499999999999975
University of York,29.999999999999915,30.000000000000014,29.999999999999996,2.500000000000014,7.499999999999995
University of Paris,29.999999999999936,30.0,30.000000000000004,2.5000000000000213,7.500000000000009
University of Oslo,29.999999999999858,30.000000000000085,30.000000000000057,2.500000000000025,7.500000000000012
The University of Western Australia,29.999999999999687,30.000000000000085,30.00000000000004,2.5000000000000426,7.500000000000005
Durham University,29.999999999999858,30.000000000000057,30.000000000000057,2.4999999999999822,7.499999999999972
Indiana University,29.999999999999915,29.99999999999997,29.99999999999999,2.5000000000000355,7.500000000000012
University of Vienna,29.999999999999858,30.000000000000114,30.000000000000007,2.500000000000046,7.499999999999968
University of Alberta,30.0,29.999999999999915,30.000000000000007,2.499999999999961,7.500000000000016
University of Cape Town,30.000000000000057,29.999999999999886,29.99999999999995,2.5000000000000284,7.499999999999977
Vrije Universiteit Amsterdam,29.99999999999997,30.000000000000085,29.999999999999986,2.4999999999999716,7.500000000000027
Lancaster University,30.000000000000085,30.0,30.000000000000014,2.499999999999977,7.500000000000009
Tufts University,30.000000000000203,29.999999999999858,29.99999999999995,2.499999999999954,7.500000000000007
University of Ottawa,29.999999999999943,30.00000000000003,29.999999999999996,2.5000000000000213,7.500000000000009
Ulm University,29.999999999999886,30.000000000000085,30.00000000000002,2.5000000000000284,7.500000000000011
Pompeu Fabra University,30.000000000000057,29.99999999999997,30.0,2.5000000000000284,7.499999999999975
University of Geneva,29.999999999999943,30.000000000000057,29.99999999999997,2.499999999999986,7.499999999999944
Nanjing University,29.999999999999886,30.00000000000017,29.999999999999957,2.5000000000000426,7.499999999999982
University of Exeter,29.9999999999998,30.000000000000227,30.000000000000014,2.5000000000000284,7.4999999999999725
Pohang University of Science and Technology (POSTECH),29.999999999999943,29.99999999999997,29.999999999999964,2.5,7.500000000000039
University of Sussex,29.99999999999983,30.000000000000114,30.000000000000032,2.4999999999999716,7.499999999999988
University of Hamburg,29.999999999999886,30.00000000000003,30.0,2.499999999999986,7.500000000000015
Sant’Anna School of Advanced Studies – Pisa,29.999999999999886,30.00000000000003,30.0,2.499999999999986,7.499999999999988
Technical University of Berlin,30.000000000000057,30.000000000000057,29.999999999999957,2.5,7.4999999999999964
Université Catholique de Louvain,29.999999999999943,30.000000000000085,30.000000000000014,2.500000000000014,7.499999999999968
University of Nottingham,30.000000000000085,29.99999999999993,30.00000000000005,2.499999999999986,7.500000000000024
Scuola Normale Superiore di Pisa,29.99999999999997,30.000000000000043,29.999999999999943,2.5000000000000853,7.49999999999999
Arizona State University (Tempe),30.000000000000114,29.999999999999886,29.999999999999964,2.499999999999986,7.499999999999993
University of Leeds,29.999999999999915,30.000000000000114,30.000000000000014,2.499999999999986,7.500000000000005
Autonomous University of Barcelona,29.99999999999983,30.000000000000142,30.00000000000003,2.5000000000000284,7.49999999999997
University of Cologne,29.999999999999886,30.000000000000057,30.000000000000064,2.4999999999999716,7.499999999999995
University of Mannheim,29.999999999999773,30.000000000000114,30.000000000000014,2.500000000000057,7.499999999999972
University of Notre Dame,29.999999999999872,30.000000000000114,30.000000000000007,2.499999999999993,7.499999999999982
Shanghai Jiao Tong University,29.999999999999943,30.0,29.99999999999999,2.500000000000014,7.500000000000049
TU Dresden,29.999999999999943,30.000000000000114,30.000000000000014,2.5000000000000284,7.500000000000002
University of Würzburg,29.99999999999983,29.99999999999997,30.00000000000003,2.4999999999999716,7.4999999999999964
Trinity College Dublin,29.9999999999998,30.000000000000057,29.999999999999993,2.5000000000000284,7.499999999999982
University of Liverpool,29.999999999999943,29.999999999999986,30.0,2.4999999999999716,7.5000000000000355
Bielefeld University,30.000000000000057,29.99999999999997,30.000000000000032,2.5000000000000284,7.499999999999975
University of Leicester,30.000000000000114,30.00000000000003,29.999999999999993,2.4999999999999716,7.5
University of Aberdeen,29.999999999999886,30.000000000000057,29.999999999999993,2.5,7.500000000000007
University of Bologna,29.999999999999986,30.0000000000001,30.000000000000043,2.5,7.499999999999979
Rutgers,29.999999999999915,30.000000000000057,30.0,2.500000000000014,7.500000000000011
Hong Kong Polytechnic University,30.000000000000057,30.000000000000014,30.000000000000043,2.5000000000000284,7.499999999999986
University of Alabama at Birmingham,30.00000000000003,30.0,30.00000000000003,2.4999999999999574,7.4999999999999964
Northeastern University,30.000000000000085,29.99999999999997,30.000000000000036,2.4999999999999787,7.5
University of Rochester,30.000000000000057,29.999999999999943,30.000000000000007,2.4999999999999787,7.499999999999993
University of Florida,30.0,30.00000000000003,30.000000000000007,2.499999999999943,7.500000000000011
Karlsruhe Institute of Technology,30.00000000000003,30.00000000000005,30.000000000000025,2.5,7.5
Stockholm University,29.99999999999983,29.99999999999997,30.00000000000002,2.500000000000014,7.5
Texas A&M University,30.00000000000003,30.00000000000003,30.000000000000014,2.4999999999999574,7.499999999999989
University of Auckland,30.000000000000114,29.999999999999886,29.99999999999998,2.499999999999986,7.500000000000025
University of California,29.999999999999915,30.000000000000075,30.000000000000007,2.4999999999999716,7.500000000000011
Korea University,30.00000000000007,29.9999999999998,30.000000000000007,2.5,7.500000000000043
Queensland University of Technology,30.000000000000156,29.999999999999943,29.99999999999998,2.499999999999986,7.500000000000028
University of Erlangen-Nuremberg,30.0000000000001,29.9999999999999,29.999999999999986,2.4999999999999574,7.4999999999999645
Aalto University,30.00000000000006,29.999999999999858,30.000000000000043,2.4999999999999716,7.500000000000028
Technical University of Denmark,30.000000000000057,29.9999999999998,30.000000000000007,2.5,7.5
Eindhoven University of Technology,30.000000000000114,29.99999999999993,30.000000000000004,2.4999999999999716,7.500000000000014
University of Gothenburg,29.99999999999997,29.999999999999943,29.999999999999982,2.499999999999986,7.500000000000018
Télécom Paris,30.00000000000003,29.999999999999986,29.99999999999997,2.499999999999986,7.5
Lomonosov Moscow State University,30.00000000000007,30.0,29.999999999999872,2.4999999999998472,7.500000000000249
University of Münster,30.000000000000043,30.000000000000085,30.00000000000003,2.4999999999999654,7.4999999999999645
Tel Aviv University,29.99999999999997,29.99999999999997,30.00000000000002,2.4999999999999822,7.499999999999972
University of East Anglia,30.000000000000142,29.99999999999993,29.999999999999986,2.4999999999999964,7.499999999999993
University of Canberra,29.99999999999997,29.99999999999997,30.00000000000003,2.499999999999975,7.499999999999979
University of Duisburg-Essen,30.000000000000057,30.000000000000085,30.00000000000002,2.49999999999997,7.499999999999973
University of Technology Sydney,29.999999999999986,30.00000000000007,30.000000000000014,2.4999999999999503,7.499999999999989
University of the Witwatersrand,29.99999999999993,30.0000000000001,30.000000000000004,2.499999999999976,7.499999999999986
Yonsei University (Seoul campus),30.000000000000064,29.999999999999957,30.000000000000057,2.4999999999999787,7.4999999999999325
University of Antwerp,30.00000000000003,29.999999999999986,30.000000000000007,2.499999999999986,7.499999999999988
Cardiff University,29.99999999999995,30.00000000000003,30.00000000000002,2.5000000000000036,7.5
George Washington University,30.000000000000057,29.999999999999982,29.99999999999997,2.4999999999999325,7.500000000000011
University of Lausanne,30.00000000000003,30.0,29.99999999999998,2.499999999999986,7.499999999999968
University of St Andrews,30.00000000000007,30.0,29.99999999999998,2.499999999999993,7.499999999999993
Aalborg University,30.000000000000085,29.99999999999993,29.999999999999996,2.499999999999993,7.500000000000009
University of Barcelona,29.99999999999997,30.00000000000003,29.999999999999986,2.500000000000014,7.49999999999995
University of Bergen,30.000000000000057,30.000000000000057,30.00000000000002,2.4999999999999645,7.499999999999989
Brandeis University,30.0,30.000000000000057,30.000000000000124,2.4999999999999716,7.499999999999801
University of Calgary,30.000000000000142,30.000000000000057,29.999999999999986,2.5,7.500000000000014
Copenhagen Business School,30.00000000000024,30.0,30.000000000000025,2.4999999999998437,7.5000000000000036
University of Dundee,30.0000000000002,29.999999999999943,29.99999999999998,2.4999999999999796,7.499999999999976
École Normale Supérieure de Lyon,29.9999999999999,30.00000000000003,30.00000000000004,2.5000000000000284,7.4999999999999645
Griffith University,29.999999999999858,30.000000000000057,30.00000000000002,2.5000000000000497,7.500000000000002
University of Hawai’i at Mānoa,30.00000000000034,29.999999999999687,30.000000000000043,2.499999999999716,7.5000000000000355
Hebrew University of Jerusalem,30.00000000000017,29.999999999999886,30.000000000000007,2.499999999999943,7.500000000000012
University of Hohenheim,30.000000000000114,29.99999999999997,30.000000000000036,2.4999999999999574,7.5
Howard University,29.999999999999886,30.0000000000002,29.99999999999997,2.4999999999999716,7.500000000000057
University of Iowa,29.999999999999964,30.000000000000114,30.000000000000025,2.499999999999968,7.500000000000005
James Cook University,29.999999999999858,30.000000000000057,29.99999999999998,2.5000000000000373,7.49999999999999
King Abdulaziz University,30.00000000000003,29.999999999999915,29.999999999999975,2.500000000000057,7.499999999999973
University of Konstanz,29.999999999999957,30.00000000000017,30.000000000000025,2.4999999999999822,7.499999999999998
KTH Royal Institute of Technology,29.999999999999915,30.000000000000057,30.00000000000003,2.5000000000000213,7.499999999999961
Université Libre de Bruxelles,30.000000000000203,30.0,30.0,2.499999999999943,7.499999999999982
University of Luxembourg,29.999999999999943,30.000000000000117,30.000000000000004,2.4999999999999716,7.499999999999961
Macquarie University,29.9999999999998,30.000000000000092,30.000000000000007,2.4999999999999574,7.499999999999975
University of Massachusetts,30.0,29.999999999999915,29.999999999999996,2.5,7.5
Medical University of Graz,30.000000000000085,29.999999999999943,29.99999999999997,2.499999999999929,7.499999999999972
Medical University of Vienna,29.999999999999922,30.000000000000085,29.999999999999986,2.500000000000085,7.499999999999975
University of Miami,29.999999999999915,30.0000000000001,29.999999999999922,2.5,7.500000000000085
Moscow Institute of Physics and Technology (MIPT),29.999999999999943,30.000000000000085,29.999999999999975,2.49999999999996,7.499999999999995
Newcastle University,30.000000000000057,29.999999999999936,30.000000000000014,2.5000000000000284,7.5000000000000195
University of Otago,29.999999999999886,30.000000000000085,30.0,2.499999999999975,7.500000000000013
University of Padua,29.999999999999957,29.999999999999986,30.000000000000043,2.499999999999929,7.499999999999979
Paris-Sud University,30.000000000000036,29.999999999999943,30.000000000000025,2.5000000000000995,7.499999999999957
Queen’s University Belfast,29.999999999999986,29.999999999999964,30.000000000000004,2.499999999999943,7.500000000000071
RCSI University of Medicine and Health Sciences,30.0,30.000000000000085,29.99999999999998,2.5,7.500000000000009
University of Reading,29.99999999999983,30.000000000000057,30.000000000000014,2.499999999999922,7.499999999999991
St George’s,30.000000000000114,30.0,30.000000000000085,2.4999999999999147,7.499999999999943
University of South Florida (Tampa),30.00000000000003,29.999999999999915,30.00000000000008,2.499999999999977,7.499999999999971
Tilburg University,30.000000000000092,30.000000000000057,30.00000000000005,2.5000000000000213,7.499999999999876
University of Twente,30.000000000000142,29.999999999999886,30.0,2.50000000000004,7.49999999999995
Ulsan National Institute of Science and Technology (UNIST),29.999999999999957,30.000000000000114,29.999999999999996,2.499999999999986,7.500000000000018
University College Dublin,30.0,30.00000000000003,30.000000000000057,2.500000000000057,7.499999999999915
University of Utah,30.00000000000003,30.000000000000057,30.00000000000002,2.499999999999993,7.500000000000018
Virginia Polytechnic Institute and State University,29.999999999999986,29.99999999999997,30.000000000000007,2.4999999999999503,7.499999999999979
Vita-Salute San Raffaele University,30.000000000000142,30.000000000000178,30.00000000000007,2.500000000000014,7.499999999999826
Vrije Universiteit Brussel,29.99999999999997,30.00000000000003,30.000000000000007,2.4999999999999893,7.499999999999986
Wake Forest University,30.000000000000057,29.99999999999997,29.99999999999998,2.4999999999999574,7.500000000000043
University of Waterloo,30.00000000000017,29.999999999999773,29.99999999999993,2.500000000000007,7.500000000000066
Western University,29.999999999999886,30.00000000000003,30.000000000000036,2.500000000000014,7.499999999999943
William & Mary,30.000000000000128,30.000000000000007,29.999999999999968,2.4999999999998863,7.5
University of Wollongong,30.0,29.999999999999886,29.999999999999957,2.499999999999993,7.500000000000037
Alfaisal University,30.000000000000057,30.000000000000057,29.99999999999998,2.5,7.5
Auckland University of Technology,30.00000000000003,29.99999999999997,30.000000000000036,2.4999999999998863,7.4999999999999565
Autonomous University of Madrid,30.00000000000002,30.00000000000003,30.000000000000043,2.500000000000014,7.5
University of Bath,29.999999999999947,30.000000000000043,30.000000000000007,2.4999999999999787,7.500000000000025
Brighton and Sussex Medical School,30.000000000000128,29.99999999999988,29.999999999999993,2.4999999999999716,7.499999999999986
University at Buffalo,29.999999999999886,30.000000000000057,30.00000000000003,2.499999999999943,7.4999999999999964
University of California,30.0,29.999999999999943,29.999999999999986,2.4999999999999716,7.500000000000014
Chalmers University of Technology,29.999999999999886,30.00000000000003,30.0000000000001,2.4999999999999343,7.499999999999936
University of Cincinnati,30.0,29.999999999999943,30.00000000000002,2.499999999999943,7.50000000000005
Curtin University,29.999999999999943,30.000000000000142,30.000000000000007,2.499999999999943,7.499999999999986
Dalhousie University,30.000000000000114,29.999999999999886,30.00000000000002,2.4999999999999787,7.500000000000005
University of Delaware,30.000000000000004,29.999999999999915,30.00000000000001,2.500000000000007,7.500000000000007
École des Ponts ParisTech,30.000000000000057,29.999999999999957,29.999999999999957,2.5000000000000284,7.500000000000007
University of Essex,29.999999999999925,30.000000000000085,30.000000000000007,2.5,7.499999999999918
Flinders University,30.00000000000003,29.99999999999993,30.000000000000007,2.5,7.500000000000012
Florida State University,30.000000000000036,30.00000000000005,29.999999999999986,2.4999999999999787,7.500000000000008
George Mason University,30.000000000000064,29.99999999999993,30.0,2.4999999999999716,7.499999999999998
Heriot-Watt University,30.000000000000014,30.000000000000142,30.000000000000064,2.5,7.49999999999994
HSE University,30.000000000000057,29.99999999999997,30.000000000000014,2.5000000000000195,7.499999999999988
University of Illinois at Chicago,30.000000000000057,30.0,30.000000000000043,2.4999999999999574,7.500000000000014
University of Kiel,29.99999999999996,30.000000000000043,30.00000000000003,2.500000000000007,7.4999999999999805
La Trobe University,29.99999999999988,30.000000000000085,29.99999999999999,2.4999999999999574,7.499999999999993
Université Laval,29.99999999999997,29.999999999999844,30.00000000000002,2.5000000000000426,7.499999999999975
Macau University of Science and Technology,29.999999999999964,30.000000000000043,30.000000000000007,2.4999999999999005,7.500000000000011
Medical University of Innsbruck,30.000000000000068,30.000000000000014,29.999999999999975,2.499999999999993,7.499999999999968
National University of Ireland,30.000000000000064,30.0,29.99999999999999,2.499999999999986,7.499999999999979
University of Navarra,29.999999999999986,29.9999999999999,30.00000000000002,2.500000000000014,7.499999999999972
University of Oregon,30.000000000000107,29.99999999999983,29.999999999999964,2.500000000000057,7.500000000000043
Oregon Health and Science University,29.999999999999872,30.0000000000001,30.000000000000057,2.4999999999999005,7.499999999999993
University of Oulu,30.00000000000003,30.00000000000003,30.0,2.499999999999943,7.499999999999972
University of Passau,30.0,30.000000000000014,30.000000000000043,2.500000000000149,7.4999999999999325
University of Potsdam,30.000000000000043,29.999999999999957,30.000000000000018,2.499999999999986,7.499999999999993
Queen’s University,29.999999999999986,29.99999999999997,30.000000000000036,2.5000000000000284,7.499999999999961
Royal Holloway,29.999999999999847,30.000000000000128,30.000000000000018,2.500000000000007,7.499999999999961
Ruhr University Bochum,30.000000000000085,30.000000000000014,30.00000000000002,2.499999999999929,7.500000000000011
University of São Paulo,30.000000000000114,29.999999999999943,30.00000000000002,2.4999999999998863,7.5000000000000355
Sapienza University of Rome,30.000000000000057,30.000000000000085,30.000000000000043,2.499999999999929,7.499999999999957
Simon Fraser University,29.999999999999986,30.00000000000003,29.999999999999993,2.499999999999943,7.5
University of South Australia,29.999999999999915,29.99999999999997,30.00000000000005,2.4999999999999414,7.499999999999979
University of Southern Denmark,30.000000000000107,29.99999999999993,29.999999999999982,2.500000000000071,7.500000000000005
Stellenbosch University,30.000000000000128,30.000000000000014,29.99999999999997,2.499999999999986,7.499999999999993
University of Stuttgart,30.000000000000036,30.00000000000005,29.99999999999998,2.499999999999943,7.5
Sun Yat-sen University,29.999999999999957,30.000000000000114,30.000000000000018,2.5000000000000284,7.499999999999929
University of Surrey,30.00000000000007,29.999999999999943,30.000000000000036,2.5000000000000284,7.4999999999999805
Swansea University,29.999999999999986,30.000000000000085,29.999999999999996,2.4999999999999574,7.4999999999999645
Syracuse University,30.0,30.000000000000092,30.000000000000014,2.4999999999999574,7.4999999999999645
Tampere University,30.00000000000015,29.99999999999988,30.00000000000006,2.5,7.4999999999999325
Technical University of Darmstadt,29.999999999999943,30.000000000000114,30.00000000000002,2.5,7.499999999999986
Tohoku University,30.000000000000128,29.99999999999993,30.0,2.5000000000000426,7.4999999999999805
Tokyo Institute of Technology,29.999999999999943,30.0000000000001,30.0,2.4999999999999716,7.500000000000014
Western Sydney University,30.00000000000005,30.000000000000092,29.99999999999999,2.4999999999999147,7.50000000000003
Aix-Marseille University,29.99999999999995,30.000000000000043,29.99999999999996,2.5000000000000497,7.500000000000021
Anglia Ruskin University ARU,30.000000000000085,29.999999999999908,30.00000000000002,2.5000000000000124,7.5000000000000036
Beijing Normal University,30.000000000000043,30.000000000000043,29.999999999999993,2.499999999999993,7.500000000000018
Boston College,29.999999999999986,30.000000000000064,29.999999999999957,2.500000000000032,7.5
University of Canterbury,30.000000000000057,29.99999999999997,29.99999999999998,2.5000000000000426,7.499999999999975
Colorado School of Mines,29.99999999999997,30.00000000000003,30.000000000000007,2.499999999999986,7.500000000000025
Cyprus University of Technology,30.00000000000013,29.999999999999957,29.99999999999999,2.4999999999999822,7.500000000000019
Deakin University,30.000000000000064,29.999999999999957,30.000000000000014,2.5000000000000018,7.500000000000032
University of Fribourg,29.999999999999964,30.000000000000114,30.000000000000014,2.499999999999961,7.500000000000039
Goethe University Frankfurt,29.999999999999872,30.00000000000002,30.00000000000002,2.4999999999999165,7.500000000000011
Grenoble Alpes University,29.999999999999986,29.999999999999986,29.999999999999986,2.5000000000000244,7.500000000000044
Huazhong University of Science and Technology,30.0,29.999999999999986,30.00000000000003,2.4999999999999716,7.499999999999986
Indian Institute of Science,29.999999999999954,30.0000000000001,29.99999999999997,2.499999999999929,7.500000000000021
Indian Institute of Technology Ropar,30.0,30.0000000000001,29.99999999999999,2.4999999999999503,7.500000000000032
Jacobs University,30.000000000000014,30.00000000000003,29.999999999999932,2.499999999999936,7.50000000000004
Johannes Gutenberg University of Mainz,30.000000000000107,29.999999999999854,29.99999999999998,2.5000000000000178,7.500000000000025
University of Klagenfurt,30.00000000000007,30.000000000000014,30.000000000000007,2.5000000000000284,7.4999999999999964
Kyung Hee University,30.000000000000043,30.000000000000014,29.99999999999999,2.5,7.499999999999989
University of Liège,30.000000000000142,29.9999999999999,30.000000000000014,2.4999999999999574,7.4999999999999725
University of Macau,30.00000000000005,29.999999999999957,30.000000000000014,2.499999999999961,7.500000000000011
University of Malaya,29.999999999999957,30.000000000000085,30.000000000000007,2.4999999999999645,7.500000000000011
University of Marburg,29.999999999999915,29.99999999999993,30.00000000000001,2.500000000000089,7.500000000000009
Maynooth University,29.999999999999957,30.00000000000007,29.99999999999999,2.5000000000000298,7.499999999999972
University of Milan,30.000000000000078,29.999999999999815,29.999999999999993,2.5000000000001243,7.499999999999989
Montpellier University,29.999999999999886,29.999999999999986,30.00000000000002,2.500000000000014,7.500000000000021
Nagoya University,29.9999999999999,30.000000000000156,30.000000000000014,2.499999999999993,7.499999999999977
University of Newcastle,29.999999999999915,30.000000000000114,30.000000000000036,2.4999999999999716,7.4999999999999645
University of New Mexico (Main campus),30.000000000000014,30.00000000000007,30.000000000000004,2.5000000000000018,7.49999999999998
North Carolina State University,29.999999999999922,30.000000000000107,29.999999999999993,2.50000000000003,7.499999999999986
Nova Southeastern University,29.999999999999886,30.000000000000043,29.999999999999996,2.500000000000064,7.500000000000016
Osaka University,30.000000000000057,29.999999999999957,29.99999999999997,2.500000000000032,7.499999999999986
Politecnico di Milano,30.00000000000003,29.999999999999886,29.999999999999964,2.4999999999999716,7.500000000000021
Reykjavík University,29.999999999999893,30.00000000000005,29.99999999999997,2.5000000000000426,7.499999999999994
Rush University,30.0,30.000000000000043,30.00000000000001,2.5000000000000355,7.500000000000005
Southern University of Science and Technology (SUSTech),30.000000000000043,29.999999999999943,29.999999999999957,2.5000000000000497,7.500000000000032
Stony Brook University,30.000000000000078,30.000000000000032,30.000000000000007,2.4999999999999964,7.500000000000014
Swedish University of Agricultural Sciences,30.000000000000085,29.999999999999858,29.99999999999997,2.5000000000000284,7.500000000000007
University of Tartu,30.000000000000085,29.999999999999957,29.999999999999996,2.5000000000000036,7.499999999999991
University of Tasmania,30.00000000000003,30.00000000000017,30.00000000000003,2.499999999999922,7.4999999999999645
Temple University,29.99999999999997,30.00000000000003,30.000000000000007,2.4999999999999645,7.499999999999972
The University of Tennessee-Knoxville,29.99999999999985,30.0000000000001,30.000000000000014,2.500000000000014,7.5
University of Texas at Dallas,30.00000000000003,30.000000000000014,29.999999999999982,2.4999999999999645,7.499999999999984
University of Trento,29.999999999999773,30.000000000000313,30.000000000000085,2.4999999999999716,7.4999999999999325
Tulane University,30.000000000000007,30.000000000000014,30.000000000000007,2.4999999999999716,7.500000000000014
Umeå University,30.000000000000046,29.99999999999997,30.000000000000014,2.499999999999976,7.49999999999998
United Arab Emirates University,30.00000000000003,30.000000000000014,30.000000000000014,2.499999999999993,7.499999999999979
Università della Svizzera Italiana,30.000000000000142,29.99999999999997,29.999999999999986,2.499999999999968,7.500000000000021
University College Cork,29.99999999999997,30.0,30.00000000000002,2.4999999999999574,7.500000000000014
Victoria University,30.000000000000114,30.00000000000007,30.000000000000014,2.4999999999999893,7.500000000000057
University of Alaska Fairbanks,29.99999999999997,29.999999999999964,30.000000000000014,2.4999999999998863,7.499999999999993
American University of Beirut,29.999999999999943,30.00000000000003,30.00000000000003,2.4999999999999716,7.499999999999979
Australian Catholic University,30.000000000000014,29.9999999999999,30.0,2.499999999999943,7.500000000000032
Babol Noshirvani University of Technology,30.000000000000043,29.999999999999964,29.999999999999968,2.5000000000000284,7.499999999999968
