university_name,teaching,research,citations,income,international
University of Oxford,29.73167295564599,24.734964694822224,33.664577504215345,3.423088215464304,8.823904661639176
California Institute of Technology,30.825460785857672,26.318835128069352,32.01137317047176,2.739746662563263,8.273007848235181
University of Cambridge,24.816863997786868,32.7951306625946,30.950007228979757,4.142407975256447,7.599513144582261
Stanford University,23.113033383219545,27.02467364444343,35.73283608255781,5.718596565941567,9.262899942138688
Massachusetts Institute of Technology,30.0,30.000000000001137,29.999999999999886,2.4999999999998295,7.500000000000028
Princeton University,30.00000000003638,29.999999999972715,29.999999999998636,2.4999999999954525,7.500000000001364
Harvard University,30.00000000014552,29.999999999883585,29.999999999995453,2.499999999967258,7.500000000005457
Yale University,29.99999999999966,29.999999999999773,29.999999999999773,2.4999999999997726,7.499999999999886
The University of Chicago,30.000000000000227,29.999999999999773,30.0,2.4999999999996874,7.499999999999915
Imperial College London,29.99999999999909,30.000000000001137,29.999999999999886,2.5000000000002274,7.5
University of Pennsylvania,30.000000000001137,29.99999999999909,30.000000000000114,2.500000000000057,7.499999999999915
Johns Hopkins University,29.99999999999966,29.999999999999773,29.99999999999966,2.4999999999999574,7.499999999999972
University of California,26.662431146182286,32.57384072083579,30.094478333097925,3.437690892795814,7.375404044857163
ETH Zurich,30.000000000000227,29.999999999999204,30.000000000000156,2.499999999999943,7.5
UCL,29.999999999999886,30.0,29.999999999999915,2.5,7.500000000000071
Columbia University,29.99999999999983,30.00000000000051,29.999999999999773,2.499999999999943,7.500000000000156
University of California,29.999999999999773,30.000000000000227,29.999999999999922,2.5,7.499999999999943
University of Toronto,30.0,30.000000000000114,29.99999999999997,2.5,7.499999999999943
Cornell University,30.000000000000114,30.0,29.9999999999999,2.5,7.500000000000114
Duke University,29.9999999999999,30.00000000000017,29.999999999999797,2.500000000000014,7.500000000000085
University of Michigan-Ann Arbor,30.000000000000114,30.0,29.999999999999886,2.5000000000000284,7.500000000000014
Northwestern University,30.0,30.000000000000455,29.999999999999915,2.5,7.5
Tsinghua University,30.000000000000114,30.0,30.00000000000007,2.499999999999943,7.500000000000028
Peking University,29.999999999999886,29.999999999999773,30.0,2.5,7.500000000000057
National University of Singapore,29.999999999999886,29.999999999999773,30.000000000000185,2.5,7.5
University of Washington,30.000000000000057,29.999999999999886,29.999999999999943,2.5000000000000284,7.500000000000085
Carnegie Mellon University,29.999999999999375,30.000000000000682,30.000000000000043,2.499999999999858,7.5
London School of Economics and Political Science,30.0,29.999999999999886,30.0000000000001,2.499999999999943,7.500000000000057
New York University,30.000000000000114,29.999999999999545,30.000000000000114,2.500000000000057,7.499999999999972
University of Edinburgh,29.999999999999773,30.000000000000227,30.0,2.5,7.499999999999844
University of California,29.999999999999766,30.000000000000284,30.000000000000455,2.49999999999973,7.499999999999943
LMU Munich,30.0,29.999999999999773,29.999999999999943,2.500000000000057,7.499999999999943
University of Melbourne,30.0,29.999999999999773,29.999999999999943,2.5,7.500000000000043
University of British Columbia,29.999999999999318,30.000000000000227,30.00000000000017,2.499999999999801,7.499999999999972
University of Hong Kong,30.000000000000227,30.0,29.999999999999943,2.5000000000000284,7.500000000000085
King’s College London,30.000000000000227,30.0,29.999999999999773,2.5000000000000853,7.500000000000057
The University of Tokyo,30.0,30.000000000000227,29.999999999999915,2.5,7.500000000000114
École Polytechnique Fédérale de Lausanne,29.99999999999966,30.000000000000455,29.999999999999886,2.4999999999999147,7.5
Georgia Institute of Technology,29.999999999999716,30.000000000000398,30.00000000000034,2.5000000000000284,7.499999999999886
University of Texas at Austin,29.999999999999773,29.999999999999773,30.00000000000034,2.4999999999999503,7.499999999999815
Karolinska Institute,30.000000000000455,29.999999999999773,29.999999999999943,2.500000000000057,7.5000000000001705
McGill University,29.999999999999773,29.999999999999545,30.000000000000114,2.5,7.499999999999886
Technical University of Munich,30.00000000000034,29.999999999999545,29.999999999999716,2.5000000000001847,7.4999999999999645
Heidelberg University,29.999999999999773,30.000000000000085,30.0,2.499999999999858,7.5
KU Leuven,30.000000000000227,30.0,29.999999999999943,2.500000000000057,7.499999999999972
Paris Sciences et Lettres – PSL Research University Paris,30.0,30.000000000000455,29.99999999999983,2.500000000000014,7.500000000000057
The Hong Kong University of Science and Technology,30.000000000000227,29.999999999999773,30.000000000000057,2.500000000000071,7.499999999999959
University of Illinois at Urbana-Champaign,29.99999999999943,30.000000000000597,30.0,2.4999999999998863,7.499999999999801
Nanyang Technological University,30.0,30.0,29.99999999999997,2.5,7.500000000000028
Australian National University,30.000000000000227,30.000000000000227,30.0,2.5,7.5
University of Wisconsin-Madison,30.000000000000114,29.999999999999773,30.0,2.500000000000121,7.500000000000064
Washington University in St Louis,29.999999999999687,30.00000000000034,30.000000000000114,2.5000000000000036,7.499999999999886
Brown University,29.99999999999997,30.0,29.99999999999997,2.500000000000025,7.499999999999986
University of North Carolina at Chapel Hill,29.999999999999886,30.0,30.0,2.500000000000014,7.500000000000028
University of California,30.0,29.999999999999773,30.00000000000017,2.499999999999993,7.499999999999993
University of Manchester,29.999999999999886,29.999999999999886,30.00000000000003,2.4999999999999893,7.499999999999915
University of California,30.0,30.000000000000057,29.999999999999943,2.4999999999999822,7.499999999999957
Chinese University of Hong Kong,30.0,29.999999999999943,30.00000000000003,2.5000000000000213,7.499999999999986
Wageningen University & Research,29.999999999999943,30.000000000000114,30.000000000000043,2.500000000000007,7.500000000000014
University of Sydney,29.999999999999943,30.000000000000114,30.00000000000003,2.4999999999999503,7.499999999999986
Boston University,29.99999999999997,30.0000000000002,29.9999999999999,2.5000000000000853,7.499999999999943
University of Amsterdam,29.99999999999983,30.000000000000057,29.999999999999986,2.5000000000000497,7.500000000000007
University of Southern California,29.999999999999943,30.000000000000057,29.99999999999997,2.5000000000000533,7.499999999999957
Seoul National University,30.0,30.0,30.000000000000057,2.5000000000000213,7.500000000000014
Kyoto University,29.999999999999957,29.99999999999997,30.000000000000057,2.499999999999993,7.499999999999972
The University of Queensland,29.999999999999886,30.000000000000142,29.99999999999998,2.500000000000071,7.5
Delft University of Technology,29.99999999999983,30.0000000000001,29.999999999999968,2.500000000000057,7.5
Leiden University,30.000000000000114,29.999999999999957,30.000000000000007,2.4999999999999645,7.500000000000057
Erasmus University Rotterdam,30.000000000000057,30.000000000000014,30.0,2.4999999999999716,7.499999999999957
Ohio State University (Main campus),29.999999999999943,30.0000000000001,29.999999999999993,2.500000000000014,7.5
UNSW Sydney,30.000000000000014,30.000000000000014,30.000000000000007,2.499999999999986,7.500000000000014
McMaster University,29.9999999999999,30.000000000000256,30.00000000000002,2.5,7.5
University of Groningen,29.999999999999858,30.000000000000057,29.999999999999993,2.4999999999999574,7.499999999999972
Humboldt University of Berlin,29.999999999999943,29.999999999999915,30.000000000000043,2.499999999999993,7.499999999999943
Monash University,29.99999999999983,30.000000000000128,29.999999999999996,2.499999999999986,7.500000000000014
Utrecht University,30.00000000000017,30.00000000000007,29.999999999999915,2.499999999999986,7.5
University of Warwick,29.99999999999983,30.00000000000024,30.00000000000002,2.4999999999999503,7.499999999999972
Penn State (Main campus),29.999999999999943,30.00000000000003,29.99999999999993,2.5000000000000284,7.500000000000114
University of Minnesota,29.999999999999915,30.000000000000085,29.99999999999995,2.4999999999999574,7.500000000000057
Charité - Universitätsmedizin Berlin,29.99999999999997,30.000000000000036,29.999999999999993,2.5,7.499999999999943
Emory University,29.99999999999993,29.99999999999997,29.999999999999996,2.499999999999986,7.500000000000014
University of Science and Technology of China,29.9999999999998,30.000000000000284,30.0,2.4999999999999787,7.499999999999986
Sorbonne University,30.000000000000085,30.00000000000007,29.999999999999986,2.5,7.5
Michigan State University,29.99999999999993,30.000000000000043,29.99999999999995,2.5000000000000213,7.499999999999972
University of Montreal,29.999999999999957,29.99999999999997,29.999999999999964,2.4999999999999787,7.500000000000028
University of Freiburg,29.999999999999957,30.000000000000085,30.00000000000003,2.500000000000007,7.499999999999972
University of Bristol,29.999999999999815,30.000000000000227,29.99999999999997,2.5,7.5
Purdue University West Lafayette,29.999999999999872,30.000000000000128,30.00000000000003,2.500000000000064,7.499999999999972
Sungkyunkwan University (SKKU),29.999999999999986,29.999999999999986,30.0,2.4999999999999716,7.499999999999972
University of Zurich,29.99999999999997,30.000000000000043,30.0,2.499999999999943,7.499999999999972
University of Maryland,30.0,30.0000000000001,29.999999999999964,2.499999999999943,7.500000000000014
University of Tübingen,29.99999999999993,30.0,30.000000000000014,2.499999999999986,7.499999999999972
École Polytechnique,30.0,30.000000000000085,29.99999999999995,2.499999999999943,7.5000000000000995
University of Basel,29.999999999999943,30.000000000000085,29.999999999999957,2.5000000000000426,7.499999999999972
Dartmouth College,30.00000000000007,29.999999999999943,30.000000000000007,2.4999999999999147,7.499999999999986
University of California,29.999999999999886,30.000000000000142,29.999999999999957,2.4999999999999574,7.499999999999986
University of Helsinki,30.0,30.000000000000057,30.0,2.499999999999943,7.499999999999943
Lund University,30.0000000000001,30.000000000000043,29.999999999999915,2.5000000000000853,7.499999999999943
University of Glasgow,30.000000000000085,30.0,29.999999999999936,2.499999999999943,7.500000000000028
RWTH Aachen University,29.999999999999964,30.0000000000001,30.0,2.4999999999999574,7.499999999999929
University of Copenhagen,29.999999999999986,30.00000000000003,29.99999999999997,2.4999999999998863,7.500000000000114
Georgetown University,30.000000000000057,30.00000000000003,29.99999999999995,2.4999999999999503,7.500000000000057
Uppsala University,30.000000000000114,30.00000000000003,30.000000000000014,2.4999999999999574,7.5
University of Arizona,29.999999999999986,29.999999999999957,30.000000000000036,2.5000000000000284,7.499999999999957
University of Bonn,30.00000000000003,29.999999999999886,29.999999999999943,2.499999999999986,7.499999999999865
Rice University,30.000000000000142,29.999999999999986,29.99999999999993,2.499999999999943,7.500000000000114
University of Virginia (Main campus),30.00000000000007,30.000000000000014,29.999999999999943,2.4999999999999147,7.500000000000057
Zhejiang University,29.999999999999957,30.000000000000057,30.0,2.4999999999999147,7.500000000000028
Fudan University,29.999999999999915,30.000000000000014,29.99999999999997,2.500000000000007,7.500000000000025
Korea Advanced Institute of Science and Technology (KAIST),30.000000000000085,29.999999999999915,29.999999999999936,2.500000000000071,7.5000000000000675
Queen Mary University of London,30.0000000000001,29.999999999999815,29.999999999999872,2.5000000000001066,7.500000000000028
University of Birmingham,30.0,29.999999999999957,29.999999999999858,2.4999999999998153,7.499999999999954
University of Bern,29.999999999999993,30.000000000000014,29.999999999999964,2.500000000000007,7.499999999999904
University of Pittsburgh-Pittsburgh campus,30.0000000000002,29.999999999999822,29.9999999999999,2.5000000000000497,7.50000000000005
Aarhus University,30.00000000000003,29.99999999999983,29.999999999999886,2.499999999999929,7.499999999999893
Vanderbilt University,30.0000000000001,29.999999999999936,29.999999999999957,2.500000000000007,7.5
Free University of Berlin,29.99999999999997,30.0,30.00000000000003,2.499999999999929,7.499999999999972
University of Sheffield,29.999999999999886,29.99999999999997,29.99999999999983,2.500000000000014,7.499999999999886
Case Western Reserve University,29.999999999999886,30.00000000000003,29.999999999999844,2.4999999999999005,7.499999999999893
University of Adelaide,29.999999999999886,30.0,30.00000000000003,2.499999999999943,7.499999999999972
National Taiwan University (NTU),30.00000000000003,29.99999999999997,30.00000000000003,2.499999999999986,7.5
University of Southampton,30.0,29.999999999999986,29.99999999999993,2.499999999999929,7.5000000000000995
Ghent University,29.999999999999943,30.0,30.0,2.4999999999999556,7.500000000000114
University of Colorado Boulder,30.000000000000057,29.999999999999943,30.0,2.4999999999999645,7.5
University of Göttingen,30.00000000000017,29.999999999999943,29.99999999999997,2.4999999999999716,7.500000000000057
City University of Hong Kong,30.000000000000057,30.00000000000007,29.99999999999998,2.499999999999993,7.4999999999999964
Maastricht University,30.000000000000057,29.999999999999957,29.999999999999943,2.500000000000071,7.500000000000039
Radboud University Nijmegen,29.999999999999943,30.000000000000114,30.0,2.4999999999999964,7.500000000000028
University of York,29.999999999999943,30.000000000000057,30.0,2.499999999999986,7.500000000000028
University of Paris,30.000000000000114,29.99999999999997,29.999999999999943,2.500000000000007,7.5000000000000355
University of Oslo,29.999999999999773,30.000000000000057,30.000000000000057,2.500000000000057,7.499999999999915
The University of Western Australia,30.000000000000057,29.999999999999943,29.999999999999943,2.5000000000000426,7.5
Durham University,29.999999999999858,30.000000000000043,29.99999999999997,2.499999999999986,7.499999999999961
Indiana University,29.999999999999943,30.000000000000057,30.0,2.500000000000007,7.500000000000057
University of Vienna,29.999999999999915,30.00000000000007,29.999999999999964,2.500000000000039,7.499999999999936
University of Alberta,29.999999999999943,30.0,29.99999999999995,2.4999999999999787,7.4999999999998614
University of Cape Town,29.999999999999943,30.00000000000003,30.000000000000057,2.4999999999999893,7.499999999999943
Vrije Universiteit Amsterdam,29.999999999999943,30.0,30.0,2.5000000000000284,7.500000000000028
Lancaster University,30.000000000000057,30.0,29.999999999999915,2.500000000000071,7.500000000000085
Tufts University,29.99999999999983,30.000000000000057,30.000000000000057,2.500000000000032,7.499999999999972
University of Ottawa,30.000000000000057,30.000000000000057,30.0,2.4999999999999893,7.500000000000028
Ulm University,30.000000000000114,29.999999999999943,30.0,2.499999999999986,7.500000000000028
Pompeu Fabra University,30.00000000000003,29.999999999999943,29.999999999999943,2.5000000000000213,7.500000000000057
University of Geneva,30.000000000000053,29.999999999999964,29.999999999999964,2.500000000000014,7.5000000000000195
Nanjing University,29.9999999999999,30.000000000000085,30.0,2.500000000000007,7.499999999999886
University of Exeter,29.999999999999943,29.99999999999993,30.000000000000057,2.4999999999999716,7.500000000000028
Pohang University of Science and Technology (POSTECH),30.0,30.000000000000128,29.999999999999915,2.5000000000000533,7.499999999999943
University of Sussex,30.000000000000114,29.999999999999957,29.99999999999997,2.499999999999986,7.500000000000043
University of Hamburg,29.999999999999858,30.000000000000057,30.000000000000114,2.5,7.499999999999872
Sant’Anna School of Advanced Studies – Pisa,30.00000000000003,29.99999999999993,29.999999999999886,2.5000000000000124,7.500000000000057
Technical University of Berlin,30.00000000000002,29.999999999999943,29.99999999999995,2.500000000000014,7.50000000000005
Université Catholique de Louvain,29.999999999999986,29.99999999999997,30.000000000000114,2.4999999999999574,7.499999999999908
University of Nottingham,30.0000000000001,29.999999999999993,30.0,2.4999999999999716,7.499999999999993
Scuola Normale Superiore di Pisa,30.0000000000001,30.000000000000043,30.00000000000003,2.500000000000014,7.499999999999943
Arizona State University (Tempe),30.00000000000003,30.00000000000003,30.000000000000057,2.5000000000000284,7.5
University of Leeds,30.00000000000002,29.999999999999943,30.000000000000043,2.499999999999943,7.500000000000007
Autonomous University of Barcelona,30.0,30.000000000000057,30.00000000000003,2.5000000000000213,7.499999999999957
University of Cologne,29.99999999999983,30.000000000000085,30.0,2.5000000000000355,7.499999999999957
University of Mannheim,30.000000000000043,30.000000000000085,29.99999999999997,2.4999999999999574,7.499999999999972
University of Notre Dame,29.999999999999858,30.0,30.00000000000002,2.4999999999999716,7.499999999999986
Shanghai Jiao Tong University,29.999999999999943,30.00000000000007,30.000000000000014,2.5000000000000213,7.499999999999943
TU Dresden,30.000000000000142,29.999999999999957,29.999999999999943,2.500000000000057,7.500000000000028
University of Würzburg,29.999999999999844,30.0,30.0,2.5000000000000124,7.499999999999922
Trinity College Dublin,29.99999999999997,30.0,30.00000000000003,2.5000000000000426,7.49999999999995
University of Liverpool,29.999999999999915,30.000000000000085,30.000000000000064,2.5000000000000284,7.499999999999943
Bielefeld University,29.999999999999943,30.00000000000003,30.0,2.4999999999999822,7.499999999999886
University of Leicester,29.999999999999908,30.000000000000057,30.00000000000007,2.499999999999968,7.499999999999993
University of Aberdeen,30.000000000000085,30.00000000000003,30.0,2.499999999999993,7.500000000000014
University of Bologna,29.999999999999943,30.000000000000057,29.999999999999986,2.499999999999986,7.500000000000021
Rutgers,30.000000000000057,29.999999999999943,29.999999999999986,2.4999999999999716,7.499999999999986
Hong Kong Polytechnic University,30.0,30.00000000000003,29.999999999999922,2.500000000000007,7.500000000000028
University of Alabama at Birmingham,30.000000000000192,29.9999999999999,29.99999999999998,2.499999999999943,7.50000000000005
Northeastern University,29.999999999999943,30.000000000000085,30.000000000000064,2.4999999999999822,7.499999999999993
University of Rochester,29.999999999999716,30.000000000000085,29.999999999999993,2.5000000000000355,7.499999999999943
University of Florida,29.999999999999943,30.000000000000057,30.00000000000003,2.5,7.500000000000028
Karlsruhe Institute of Technology,29.999999999999943,29.999999999999993,30.000000000000057,2.499999999999943,7.500000000000007
Stockholm University,29.999999999999915,30.00000000000007,30.000000000000036,2.5000000000000817,7.499999999999972
Texas A&M University,29.999999999999872,30.000000000000185,30.000000000000014,2.5000000000000213,7.499999999999972
University of Auckland,30.000000000000057,29.999999999999915,30.0,2.5,7.499999999999957
University of California,29.999999999999815,30.0000000000002,30.000000000000007,2.5,7.500000000000028
Korea University,29.999999999999943,30.00000000000003,30.000000000000057,2.5,7.499999999999957
Queensland University of Technology,29.99999999999983,30.000000000000085,30.000000000000057,2.5000000000000853,7.499999999999943
University of Erlangen-Nuremberg,29.999999999999943,29.999999999999957,29.9999999999999,2.5000000000000853,7.499999999999957
Aalto University,30.000000000000057,30.000000000000057,30.000000000000004,2.500000000000057,7.5
Technical University of Denmark,30.000000000000284,29.999999999999915,29.999999999999915,2.4999999999999716,7.5000000000000355
Eindhoven University of Technology,30.00000000000017,29.999999999999957,30.0,2.5,7.499999999999957
University of Gothenburg,30.00000000000034,29.999999999999886,29.999999999999915,2.499999999999943,7.500000000000114
Télécom Paris,29.999999999999943,30.00000000000003,29.999999999999986,2.5000000000000284,7.5
Lomonosov Moscow State University,30.000000000000036,29.999999999999943,30.000000000000007,2.5,7.500000000000043
University of Münster,29.99999999999997,30.00000000000003,29.999999999999986,2.499999999999943,7.500000000000043
Tel Aviv University,30.000000000000114,29.999999999999957,29.999999999999957,2.4999999999999005,7.499999999999986
University of East Anglia,30.000000000000114,30.000000000000014,29.999999999999957,2.499999999999943,7.500000000000043
University of Canberra,30.0,29.99999999999997,30.000000000000014,2.5,7.499999999999986
University of Duisburg-Essen,30.000000000000114,30.000000000000014,29.999999999999943,2.4999999999999716,7.499999999999943
University of Technology Sydney,29.999999999999773,29.99999999999997,30.000000000000032,2.5000000000000284,7.499999999999957
University of the Witwatersrand,30.000000000000114,30.000000000000043,29.99999999999997,2.4999999999999574,7.500000000000028
Yonsei University (Seoul campus),30.000000000000057,30.0,29.99999999999997,2.499999999999943,7.5
University of Antwerp,30.000000000000227,29.999999999999886,30.0,2.5,7.500000000000057
Cardiff University,30.000000000000057,30.000000000000057,29.99999999999997,2.5,7.499999999999986
George Washington University,30.000000000000156,29.999999999999943,30.0,2.5,7.5
University of Lausanne,30.000000000000114,29.999999999999943,29.99999999999997,2.5,7.500000000000043
University of St Andrews,29.999999999999957,29.999999999999886,30.00000000000003,2.5000000000000284,7.499999999999972
Aalborg University,30.000000000000455,29.999999999999915,29.999999999999915,2.500000000000057,7.500000000000071
University of Barcelona,29.999999999999915,29.999999999999943,29.99999999999998,2.5000000000001137,7.500000000000028
University of Bergen,30.00000000000051,30.00000000000003,29.999999999999858,2.499999999999858,7.500000000000028
Brandeis University,29.999999999999915,29.999999999999915,30.000000000000046,2.500000000000199,7.499999999999972
University of Calgary,29.999999999999886,29.999999999999915,30.00000000000007,2.5000000000000853,7.499999999999986
Copenhagen Business School,30.000000000000114,29.999999999999886,29.99999999999997,2.499999999999943,7.5
University of Dundee,30.000000000000085,30.000000000000085,29.999999999999957,2.4999999999999716,7.499999999999986
École Normale Supérieure de Lyon,30.00000000000017,30.00000000000003,29.99999999999992,2.5000000000000284,7.499999999999986
Griffith University,30.000000000000114,30.000000000000014,29.999999999999943,2.5,7.500000000000028
University of Hawai’i at Mānoa,30.0000000000001,30.00000000000003,29.999999999999986,2.5000000000000284,7.499999999999966
Hebrew University of Jerusalem,29.99999999999997,29.99999999999997,30.00000000000004,2.4999999999999716,7.500000000000071
University of Hohenheim,29.999999999999602,29.9999999999999,30.000000000000114,2.500000000000142,7.499999999999972
Howard University,29.99999999999997,29.999999999999986,30.000000000000014,2.5000000000000284,7.49999999999994
University of Iowa,30.00000000000003,30.000000000000085,30.00000000000004,2.4999999999998863,7.500000000000014
James Cook University,29.99999999999997,30.000000000000114,29.999999999999993,2.500000000000128,7.499999999999886
King Abdulaziz University,29.999999999999915,30.0,30.000000000000078,2.5,7.5
University of Konstanz,29.999999999999886,29.999999999999858,30.00000000000003,2.5000000000001705,7.500000000000007
KTH Royal Institute of Technology,29.999999999999943,30.0000000000002,30.000000000000085,2.4999999999999147,7.499999999999979
Université Libre de Bruxelles,30.000000000000057,30.0000000000001,29.999999999999936,2.500000000000057,7.499999999999986
University of Luxembourg,29.999999999999943,29.999999999999915,29.999999999999947,2.4999999999999716,7.499999999999972
Macquarie University,30.000000000000085,30.000000000000085,29.999999999999964,2.499999999999943,7.499999999999986
University of Massachusetts,30.00000000000007,30.000000000000085,29.999999999999943,2.5,7.499999999999957
Medical University of Graz,29.999999999999915,30.000000000000142,30.0,2.4999999999999147,7.500000000000028
Medical University of Vienna,30.000000000000114,30.000000000000206,29.99999999999997,2.4999999999998863,7.499999999999957
University of Miami,29.999999999999698,30.000000000000014,30.0000000000001,2.5000000000000284,7.500000000000007
Moscow Institute of Physics and Technology (MIPT),30.00000000000003,30.000000000000092,29.999999999999964,2.499999999999943,7.499999999999986
Newcastle University,29.99999999999983,30.000000000000085,29.99999999999997,2.499999999999943,7.499999999999986
University of Otago,29.99999999999993,29.999999999999915,30.000000000000018,2.500000000000128,7.5000000000000355
University of Padua,30.000000000000114,30.000000000000085,30.000000000000057,2.499999999999943,7.499999999999915
Paris-Sud University,29.999999999999943,29.999999999999943,30.00000000000003,2.500000000000071,7.49999999999995
Queen’s University Belfast,29.999999999999886,30.000000000000057,29.99999999999997,2.5000000000000284,7.499999999999957
RCSI University of Medicine and Health Sciences,30.000000000000128,30.000000000000114,30.00000000000003,2.499999999999858,7.500000000000043
University of Reading,30.000000000000085,29.999999999999943,29.999999999999915,2.5000000000000853,7.499999999999975
St George’s,29.99999999999983,29.999999999999943,30.00000000000007,2.500000000000057,7.5
University of South Florida (Tampa),29.999999999999886,30.000000000000043,30.000000000000043,2.4999999999999822,7.499999999999968
Tilburg University,29.999999999999886,29.999999999999986,30.00000000000005,2.5000000000001137,7.499999999999986
University of Twente,30.000000000000057,30.00000000000017,29.999999999999943,2.499999999999929,7.5
Ulsan National Institute of Science and Technology (UNIST),29.999999999999773,29.99999999999997,30.000000000000057,2.500000000000071,7.499999999999929
University College Dublin,29.999999999999943,29.999999999999858,30.000000000000007,2.5,7.5
University of Utah,29.999999999999773,30.000000000000085,30.000000000000068,2.500000000000057,7.499999999999972
Virginia Polytechnic Institute and State University,30.000000000000114,29.999999999999982,30.0,2.5000000000001137,7.5
Vita-Salute San Raffaele University,29.99999999999997,30.0,29.99999999999998,2.4999999999998863,7.499999999999957
Vrije Universiteit Brussel,29.99999999999983,29.999999999999982,30.00000000000007,2.500000000000128,7.499999999999957
Wake Forest University,30.00000000000003,30.00000000000003,29.999999999999986,2.4999999999999005,7.500000000000014
University of Waterloo,29.999999999999886,30.000000000000057,29.999999999999964,2.5,7.5
Western University,29.999999999999943,29.999999999999943,30.000000000000007,2.5,7.500000000000028
William & Mary,29.999999999999943,29.99999999999997,30.00000000000003,2.5000000000001137,7.499999999999972
University of Wollongong,30.00000000000003,30.0,29.999999999999986,2.5000000000000284,7.500000000000007
Alfaisal University,30.000000000000043,29.999999999999943,30.000000000000025,2.4999999999999716,7.499999999999986
Auckland University of Technology,30.00000000000007,29.999999999999922,30.0,2.500000000000007,7.500000000000028
Autonomous University of Madrid,29.9999999999999,30.000000000000078,29.999999999999986,2.499999999999986,7.500000000000028
University of Bath,30.0000000000001,29.999999999999808,30.000000000000004,2.500000000000014,7.49999999999997
Brighton and Sussex Medical School,30.000000000000085,30.000000000000007,29.999999999999957,2.4999999999999716,7.499999999999993
University at Buffalo,29.999999999999957,29.999999999999957,30.00000000000001,2.4999999999999787,7.500000000000007
University of California,29.99999999999983,30.000000000000114,30.00000000000003,2.5000000000001137,7.499999999999943
Chalmers University of Technology,29.99999999999998,30.0,30.00000000000003,2.5000000000000853,7.499999999999986
University of Cincinnati,30.000000000000043,29.999999999999915,29.99999999999999,2.500000000000071,7.500000000000043
Curtin University,29.999999999999964,29.99999999999997,29.999999999999993,2.5000000000000284,7.499999999999975
Dalhousie University,30.000000000000085,29.99999999999995,29.99999999999997,2.5000000000000355,7.499999999999961
University of Delaware,30.000000000000142,29.999999999999943,29.999999999999964,2.5,7.500000000000028
École des Ponts ParisTech,30.00000000000005,30.0,29.999999999999993,2.5000000000000426,7.49999999999995
University of Essex,30.000000000000128,29.999999999999915,29.999999999999947,2.499999999999993,7.499999999999988
Flinders University,30.00000000000007,29.999999999999964,30.0,2.4999999999999716,7.499999999999968
Florida State University,30.000000000000043,29.999999999999922,29.99999999999997,2.4999999999999716,7.500000000000028
George Mason University,30.0,29.999999999999986,30.00000000000001,2.5,7.5000000000000355
Heriot-Watt University,29.99999999999997,30.00000000000003,30.00000000000001,2.499999999999993,7.499999999999989
HSE University,30.000000000000057,29.999999999999943,29.999999999999993,2.5,7.4999999999999645
University of Illinois at Chicago,30.000000000000043,29.999999999999915,30.000000000000018,2.500000000000057,7.500000000000007
University of Kiel,29.999999999999964,30.000000000000036,30.000000000000075,2.4999999999999574,7.500000000000014
La Trobe University,29.999999999999986,30.000000000000036,30.000000000000036,2.4999999999999574,7.5
Université Laval,29.9999999999999,30.000000000000036,30.000000000000014,2.500000000000014,7.500000000000016
Macau University of Science and Technology,30.000000000000007,29.99999999999998,30.000000000000036,2.499999999999986,7.500000000000021
Medical University of Innsbruck,30.0000000000002,29.999999999999865,30.000000000000007,2.5,7.499999999999995
National University of Ireland,29.999999999999986,30.0,30.00000000000003,2.499999999999929,7.500000000000007
University of Navarra,29.999999999999986,30.000000000000057,29.999999999999993,2.500000000000007,7.500000000000014
University of Oregon,30.000000000000014,29.999999999999993,29.999999999999993,2.4999999999999645,7.500000000000014
Oregon Health and Science University,30.000000000000128,29.999999999999922,30.00000000000001,2.499999999999986,7.500000000000021
University of Oulu,29.99999999999997,30.000000000000007,30.000000000000036,2.5000000000000284,7.500000000000028
University of Passau,29.999999999999964,30.000000000000057,30.000000000000014,2.5,7.500000000000021
University of Potsdam,30.0000000000001,29.99999999999998,29.999999999999957,2.5,7.499999999999989
Queen’s University,29.999999999999922,30.0,30.000000000000064,2.499999999999943,7.50000000000003
Royal Holloway,30.000000000000085,29.999999999999957,29.999999999999964,2.500000000000014,7.499999999999959
Ruhr University Bochum,30.000000000000057,29.999999999999957,30.0,2.5,7.500000000000014
University of São Paulo,29.99999999999994,30.000000000000007,30.000000000000014,2.5,7.500000000000039
Sapienza University of Rome,30.000000000000036,30.000000000000085,30.0,2.4999999999999147,7.500000000000021
Simon Fraser University,30.000000000000043,29.99999999999997,30.0,2.4999999999999716,7.499999999999998
University of South Australia,29.99999999999993,30.000000000000057,29.999999999999986,2.4999999999999716,7.499999999999986
University of Southern Denmark,30.00000000000007,29.999999999999943,29.999999999999996,2.5000000000000284,7.4999999999999964
Stellenbosch University,29.99999999999997,30.000000000000085,30.000000000000014,2.500000000000014,7.500000000000007
University of Stuttgart,30.00000000000003,29.99999999999997,30.000000000000007,2.499999999999929,7.5
Sun Yat-sen University,30.000000000000014,29.999999999999943,29.999999999999996,2.4999999999999716,7.500000000000007
University of Surrey,29.999999999999993,29.999999999999986,30.000000000000004,2.5,7.499999999999989
Swansea University,30.00000000000003,30.00000000000003,29.99999999999997,2.4999999999999787,7.499999999999991
Syracuse University,30.000000000000085,30.0,29.999999999999975,2.500000000000007,7.499999999999982
Tampere University,30.000000000000057,29.999999999999922,30.000000000000007,2.499999999999986,7.500000000000014
Technical University of Darmstadt,30.000000000000185,29.999999999999922,29.999999999999968,2.5,7.499999999999968
Tohoku University,30.000000000000057,30.00000000000003,30.000000000000036,2.4999999999999787,7.499999999999924
Tokyo Institute of Technology,30.000000000000043,30.0,29.999999999999996,2.5,7.5
Western Sydney University,30.0,29.999999999999936,30.0,2.4999999999999645,7.500000000000032
Aix-Marseille University,30.000000000000085,30.000000000000057,29.99999999999996,2.499999999999977,7.499999999999975
Anglia Ruskin University ARU,29.99999999999997,30.00000000000003,29.999999999999996,2.499999999999943,7.499999999999968
Beijing Normal University,30.00000000000003,30.000000000000078,29.999999999999975,2.499999999999936,7.499999999999972
Boston College,30.000000000000085,29.99999999999997,30.000000000000032,2.4999999999999574,7.499999999999986
University of Canterbury,30.000000000000128,30.0,29.999999999999986,2.4999999999999716,7.500000000000018
Colorado School of Mines,30.0,30.00000000000007,30.000000000000018,2.4999999999999716,7.499999999999972
Cyprus University of Technology,30.0,30.000000000000057,29.999999999999986,2.4999999999999645,7.4999999999999964
Deakin University,30.000000000000014,30.0,30.000000000000014,2.5,7.499999999999979
University of Fribourg,30.00000000000003,29.999999999999915,30.000000000000004,2.500000000000014,7.499999999999998
Goethe University Frankfurt,30.000000000000043,29.999999999999886,29.999999999999993,2.5000000000000284,7.4999999999999645
Grenoble Alpes University,30.000000000000085,29.999999999999943,30.00000000000002,2.499999999999943,7.499999999999957
Huazhong University of Science and Technology,29.999999999999943,29.99999999999997,30.000000000000025,2.499999999999986,7.500000000000021
Indian Institute of Science,30.000000000000114,30.0,30.000000000000014,2.5000000000000426,7.499999999999975
Indian Institute of Technology Ropar,30.000000000000142,29.999999999999915,30.00000000000001,2.5,7.499999999999979
Jacobs University,30.00000000000007,30.00000000000005,30.000000000000004,2.4999999999999574,7.49999999999994
Johannes Gutenberg University of Mainz,29.999999999999957,29.99999999999997,30.000000000000014,2.5000000000000213,7.500000000000021
University of Klagenfurt,30.000000000000114,29.999999999999886,29.99999999999998,2.500000000000014,7.500000000000011
Kyung Hee University,30.000000000000014,29.999999999999943,29.999999999999975,2.500000000000014,7.499999999999975
University of Liège,29.999999999999986,30.0,29.999999999999986,2.5000000000000426,7.499999999999968
University of Macau,30.000000000000057,29.999999999999943,29.999999999999986,2.499999999999936,7.5000000000000036
University of Malaya,30.000000000000114,29.999999999999915,30.0,2.4999999999999716,7.499999999999975
University of Marburg,30.000000000000057,30.000000000000085,30.000000000000032,2.4999999999999503,7.500000000000011
Maynooth University,30.0,29.999999999999986,30.000000000000064,2.4999999999999574,7.49999999999995
University of Milan,30.000000000000114,29.99999999999997,29.999999999999993,2.4999999999999574,7.500000000000014
Montpellier University,30.000000000000156,29.999999999999922,29.999999999999886,2.4999999999999574,7.500000000000149
Nagoya University,30.0000000000001,30.00000000000003,29.999999999999996,2.5,7.499999999999993
University of Newcastle,29.999999999999986,30.0,30.000000000000018,2.4999999999999716,7.5000000000000036
University of New Mexico (Main campus),30.0,29.999999999999943,30.000000000000014,2.5000000000000213,7.499999999999982
North Carolina State University,30.000000000000057,30.0,30.0,2.4999999999999503,7.499999999999982
Nova Southeastern University,30.000000000000057,29.99999999999997,30.00000000000002,2.5000000000000426,7.499999999999925
Osaka University,30.00000000000007,29.999999999999957,30.000000000000032,2.4999999999999574,7.499999999999986
Politecnico di Milano,30.000000000000043,29.999999999999957,30.000000000000032,2.500000000000014,7.499999999999957
Reykjavík University,30.000000000000128,29.999999999999865,29.999999999999996,2.5000000000000213,7.49999999999995
Rush University,30.000000000000057,30.00000000000005,30.000000000000025,2.499999999999943,7.499999999999986
Southern University of Science and Technology (SUSTech),30.00000000000003,29.999999999999943,30.000000000000036,2.5,7.499999999999975
Stony Brook University,30.000000000000057,29.99999999999997,30.000000000000007,2.4999999999999503,7.499999999999993
Swedish University of Agricultural Sciences,29.999999999999943,30.0,29.999999999999982,2.5,7.499999999999993
University of Tartu,30.0,30.0,30.000000000000032,2.499999999999936,7.499999999999982
University of Tasmania,30.000000000000114,29.999999999999872,30.00000000000001,2.4999999999999716,7.499999999999986
Temple University,30.000000000000057,29.999999999999886,30.000000000000007,2.4999999999999787,7.5000000000000036
The University of Tennessee-Knoxville,30.000000000000085,29.999999999999915,29.99999999999998,2.500000000000009,7.499999999999989
University of Texas at Dallas,30.0,30.0,30.000000000000007,2.499999999999943,7.499999999999986
University of Trento,30.000000000000057,29.99999999999997,30.000000000000018,2.5000000000000213,7.499999999999986
Tulane University,30.0,30.0,30.000000000000057,2.4999999999999574,7.499999999999986
Umeå University,29.99999999999997,30.000000000000114,29.999999999999993,2.499999999999943,7.499999999999993
United Arab Emirates University,29.999999999999957,30.000000000000085,30.000000000000014,2.4999999999999503,7.500000000000025
Università della Svizzera Italiana,30.000000000000014,30.00000000000007,29.999999999999925,2.500000000000014,7.500000000000069
University College Cork,29.99999999999997,30.000000000000092,30.000000000000025,2.5,7.499999999999961
Victoria University,30.000000000000043,30.000000000000057,29.999999999999975,2.499999999999943,7.500000000000011
University of Alaska Fairbanks,30.0000000000001,29.99999999999993,29.99999999999997,2.500000000000014,7.5000000000000036
American University of Beirut,29.999999999999943,29.99999999999997,29.999999999999975,2.500000000000064,7.4999999999999645
Australian Catholic University,30.000000000000085,29.999999999999922,29.99999999999998,2.5000000000000853,7.499999999999993
Babol Noshirvani University of Technology,30.000000000000085,30.0,30.000000000000007,2.5000000000000213,7.500000000000007
University of Bayreuth,30.0,29.999999999999986,29.99999999999998,2.5,7.500000000000018
Birkbeck,29.999999999999993,30.0,30.000000000000004,2.5000000000000213,7.5
University of Bremen,30.00000000000002,30.000000000000007,29.999999999999986,2.499999999999993,7.499999999999993
Brunel University London,30.00000000000003,29.999999999999943,29.99999999999996,2.500000000000014,7.500000000000021
University of California,29.999999999999986,30.00000000000003,30.000000000000014,2.5000000000000426,7.499999999999989
Catholic University of Portugal,30.000000000000057,29.999999999999886,29.99999999999998,2.500000000000057,7.500000000000014
Clark University,29.99999999999993,29.99999999999997,29.999999999999922,2.5000000000001066,7.5000000000000355
University of Connecticut,30.000000000000014,29.99999999999983,29.999999999999943,2.500000000000135,7.4999999999999964
University of Crete,30.000000000000057,29.99999999999997,29.999999999999993,2.5000000000000213,7.5
