university_name,teaching,research,citations,income,international
University of Oxford,29.999999999999318,30.000000000000227,29.999999999999886,2.4999999999998863,7.5
California Institute of Technology,30.0,30.000000000000455,29.999999999999886,2.4999999999999574,7.499999999999943
University of Cambridge,29.99999999999909,30.00000000000091,29.999999999999886,2.499999999999602,7.499999999999886
Stanford University,29.999999999999773,30.00000000000091,30.000000000000114,2.4999999999998295,7.5
Massachusetts Institute of Technology,29.99999999999841,30.00000000000091,29.99999999999949,2.5,7.5
Princeton University,30.0,30.000000000000455,29.999999999999773,2.4999999999998437,7.500000000000114
Harvard University,29.999999999999943,29.99999999999966,30.000000000000455,2.4999999999994884,7.499999999999659
Yale University,26.425788743309226,34.17391408516974,27.7139871329141,4.361826103702924,8.344392204875021
The University of Chicago,29.99999999999875,30.00000000000105,29.99999999999943,2.5,7.500000000000114
Imperial College London,29.999999999999545,30.000000000000682,29.999999999999602,2.499999999999986,7.5000000000000995
University of Pennsylvania,29.999999999999886,30.00000000000034,29.999999999999545,2.499999999999943,7.500000000000114
Johns Hopkins University,29.999999999999886,30.00000000000034,29.999999999999886,2.4999999999998863,7.500000000000114
University of California,29.99999999999966,30.0,30.000000000000455,2.499999999999801,7.499999999999886
ETH Zurich,29.999999999999545,30.000000000000682,30.00000000000007,2.4999999999997726,7.500000000000021
UCL,30.0,29.999999999999773,30.000000000000227,2.499999999999858,7.500000000000085
Columbia University,30.000000000000057,29.999999999999716,30.000000000000227,2.4999999999999716,7.499999999999972
University of California,30.000000000000046,29.999999999999968,30.00000000000055,2.499999999999916,7.499999999999698
University of Toronto,29.99999999999968,30.00000000000035,30.00000000000008,2.4999999999999223,7.499999999999966
Cornell University,29.999999999999694,30.000000000000185,30.00000000000006,2.4999999999999387,7.49999999999994
Duke University,29.99999999999982,30.000000000000245,29.999999999999893,2.4999999999999365,7.499999999999937
University of Michigan-Ann Arbor,29.99999999999989,30.00000000000017,29.999999999999723,2.4999999999999614,7.500000000000054
Northwestern University,29.999999999999364,30.000000000000743,29.9999999999997,2.4999999999999556,7.5000000000001465
Tsinghua University,29.99999999999976,30.000000000000025,30.00000000000003,2.4999999999999423,7.4999999999999964
Peking University,30.000000000000078,29.999999999999808,30.000000000000234,2.500000000000005,7.499999999999875
National University of Singapore,29.999999999999986,30.000000000000178,30.00000000000006,2.499999999999972,7.4999999999999
University of Washington,29.999999999999826,29.99999999999963,30.000000000000178,2.499999999999977,7.500000000000009
Carnegie Mellon University,30.0000000000001,29.99999999999979,29.99999999999978,2.5000000000001097,7.500000000000038
London School of Economics and Political Science,30.0000000000002,29.999999999999687,30.000000000000092,2.500000000000127,7.500000000000042
New York University,30.00000000000008,30.000000000000117,29.999999999999826,2.5000000000000027,7.500000000000036
University of Edinburgh,29.999999999999286,30.000000000000338,30.000000000000092,2.4999999999998894,7.49999999999992
University of California,30.0,29.999999999999545,30.00000000000017,2.5,7.499999999999957
LMU Munich,29.99999999999997,30.00000000000002,30.000000000000135,2.5,7.499999999999922
University of Melbourne,30.000000000000004,30.000000000000014,30.000000000000007,2.4999999999999574,7.5
University of British Columbia,29.999999999999886,30.000000000000057,30.000000000000114,2.4999999999998863,7.499999999999943
University of Hong Kong,29.999999999999844,30.00000000000017,30.000000000000078,2.499999999999858,7.499999999999957
King’s College London,30.000000000000114,30.0,29.999999999999773,2.500000000000057,7.500000000000142
The University of Tokyo,30.000000000000064,30.000000000000142,29.999999999999858,2.500000000000071,7.50000000000003
École Polytechnique Fédérale de Lausanne,29.999999999999783,30.000000000000156,30.000000000000135,2.4999999999998863,7.499999999999915
Georgia Institute of Technology,29.999999999999886,30.000000000000114,30.0,2.5,7.500000000000028
University of Texas at Austin,29.99999999999983,30.000000000000114,30.0,2.5,7.5
Karolinska Institute,30.0,30.000000000000057,30.0,2.5,7.500000000000057
McGill University,30.000000000000114,30.000000000000114,30.0,2.499999999999943,7.499999999999943
Technical University of Munich,30.0,30.0,29.999999999999964,2.500000000000057,7.499999999999972
Heidelberg University,29.999999999999773,30.000000000000114,30.000000000000057,2.5,7.500000000000028
KU Leuven,30.000000000000043,29.99999999999997,29.99999999999993,2.5000000000000426,7.500000000000043
Paris Sciences et Lettres – PSL Research University Paris,29.9999999999999,30.000000000000036,29.999999999999986,2.5,7.5000000000000195
The Hong Kong University of Science and Technology,30.000000000000085,29.99999999999997,29.99999999999997,2.500000000000057,7.500000000000071
University of Illinois at Urbana-Champaign,29.999999999999773,30.000000000000114,30.000000000000057,2.499999999999943,7.499999999999972
Nanyang Technological University,29.999999999999808,30.00000000000007,30.000000000000092,2.4999999999999147,7.499999999999801
Australian National University,29.999999999999886,30.00000000000017,30.00000000000017,2.4999999999998295,7.499999999999943
University of Wisconsin-Madison,30.0,30.0,30.0,2.500000000000057,7.5
Washington University in St Louis,30.000000000000114,29.999999999999943,30.0,2.500000000000057,7.500000000000028
Brown University,29.999999999999886,29.999999999999943,30.0,2.5,7.5
University of North Carolina at Chapel Hill,30.000000000000085,29.999999999999886,29.999999999999943,2.500000000000057,7.500000000000007
University of California,30.00000000000006,29.999999999999986,30.000000000000014,2.500000000000057,7.499999999999972
University of Manchester,30.000000000000107,29.999999999999986,30.000000000000007,2.5000000000000284,7.499999999999957
University of California,30.000000000000057,30.000000000000036,29.99999999999993,2.500000000000014,7.500000000000014
Chinese University of Hong Kong,30.00000000000002,29.99999999999993,30.000000000000007,2.5000000000000426,7.499999999999972
Wageningen University & Research,30.00000000000003,30.000000000000014,29.99999999999997,2.4999999999999973,7.500000000000028
University of Sydney,30.000000000000068,29.999999999999964,29.999999999999986,2.5,7.4999999999999645
Boston University,30.000000000000057,30.00000000000005,29.99999999999997,2.4999999999999787,7.499999999999979
University of Amsterdam,30.000000000000064,29.99999999999993,29.99999999999993,2.5000000000000036,7.499999999999993
University of Southern California,30.000000000000025,30.000000000000014,29.999999999999957,2.5000000000000178,7.500000000000057
Seoul National University,29.999999999999957,30.000000000000036,30.000000000000057,2.499999999999911,7.499999999999986
Kyoto University,30.000000000000036,30.00000000000003,29.999999999999957,2.500000000000025,7.500000000000014
The University of Queensland,29.99999999999997,29.999999999999943,29.999999999999986,2.50000000000008,7.500000000000007
Delft University of Technology,30.000000000000057,30.00000000000008,29.999999999999986,2.5000000000000195,7.49999999999995
Leiden University,30.000000000000096,29.99999999999999,29.99999999999993,2.500000000000016,7.500000000000007
Erasmus University Rotterdam,30.000000000000103,30.00000000000012,29.9999999999999,2.500000000000014,7.499999999999979
Ohio State University (Main campus),30.00000000000002,30.000000000000057,29.999999999999964,2.5000000000000067,7.500000000000007
UNSW Sydney,29.999999999999773,30.00000000000009,30.000000000000007,2.5000000000000275,7.499999999999993
McMaster University,30.00000000000001,29.999999999999996,29.99999999999997,2.5000000000000293,7.5
University of Groningen,30.000000000000092,30.000000000000064,29.999999999999943,2.5000000000000044,7.500000000000014
Humboldt University of Berlin,30.000000000000043,29.999999999999968,29.99999999999998,2.500000000000024,7.500000000000057
Monash University,30.000000000000064,29.999999999999957,29.999999999999957,2.500000000000078,7.499999999999993
Utrecht University,29.999999999999865,30.00000000000014,30.000000000000057,2.5000000000000426,7.499999999999918
University of Warwick,30.00000000000002,30.000000000000043,29.999999999999964,2.4999999999999503,7.499999999999993
Penn State (Main campus),29.999999999999964,30.00000000000005,29.999999999999975,2.500000000000014,7.500000000000007
University of Minnesota,30.00000000000013,29.999999999999886,29.999999999999982,2.499999999999986,7.500000000000043
Charité - Universitätsmedizin Berlin,29.99999999999998,30.0,30.00000000000002,2.5,7.500000000000017
Emory University,29.999999999999986,30.000000000000014,29.999999999999943,2.500000000000014,7.500000000000071
University of Science and Technology of China,30.0,30.00000000000003,30.00000000000003,2.500000000000007,7.49999999999994
Sorbonne University,30.000000000000014,29.999999999999915,29.999999999999986,2.5000000000000355,7.499999999999989
Michigan State University,30.00000000000003,30.000000000000078,29.999999999999908,2.500000000000039,7.500000000000007
University of Montreal,30.00000000000007,30.0,29.999999999999915,2.5000000000000284,7.500000000000078
University of Freiburg,29.999999999999943,30.000000000000014,30.00000000000001,2.499999999999943,7.500000000000057
University of Bristol,29.99999999999993,30.0,30.00000000000002,2.5000000000000817,7.499999999999957
Purdue University West Lafayette,30.0,30.0,30.0,2.4999999999999822,7.500000000000007
Sungkyunkwan University (SKKU),30.000000000000007,30.000000000000057,29.999999999999982,2.5000000000000213,7.499999999999972
University of Zurich,29.999999999999986,30.00000000000007,29.99999999999995,2.499999999999986,7.5000000000000355
University of Maryland,29.99999999999993,30.00000000000007,29.99999999999998,2.500000000000014,7.500000000000021
University of Tübingen,29.99999999999995,30.000000000000085,29.999999999999957,2.500000000000064,7.499999999999995
École Polytechnique,29.999999999999922,30.00000000000007,29.999999999999936,2.500000000000014,7.5000000000000355
University of Basel,30.000000000000057,30.0,30.0,2.5000000000000355,7.499999999999972
Dartmouth College,29.999999999999787,30.000000000000085,30.000000000000025,2.500000000000057,7.499999999999943
University of California,30.00000000000005,30.0,29.999999999999957,2.4999999999999716,7.499999999999986
University of Helsinki,30.000000000000085,30.000000000000036,29.99999999999997,2.499999999999943,7.500000000000014
Lund University,30.00000000000009,30.00000000000007,29.999999999999876,2.5,7.500000000000057
University of Glasgow,30.00000000000005,29.999999999999986,30.00000000000002,2.4999999999999716,7.5
RWTH Aachen University,29.99999999999993,29.99999999999997,30.000000000000107,2.500000000000032,7.499999999999957
University of Copenhagen,30.000000000000043,30.000000000000114,29.99999999999994,2.5,7.5
Georgetown University,30.000000000000057,30.00000000000003,29.999999999999915,2.4999999999999396,7.500000000000043
Uppsala University,29.99999999999998,29.99999999999993,30.000000000000018,2.5000000000000284,7.5
University of Arizona,29.999999999999957,30.00000000000007,29.999999999999964,2.5,7.500000000000028
University of Bonn,30.000000000000043,29.99999999999997,29.999999999999993,2.5000000000000018,7.499999999999993
Rice University,29.9999999999999,30.00000000000003,29.999999999999957,2.499999999999986,7.500000000000014
University of Virginia (Main campus),30.000000000000014,30.0,29.999999999999986,2.5000000000000213,7.500000000000028
Zhejiang University,29.999999999999943,30.0000000000001,29.99999999999993,2.5000000000000213,7.5
Fudan University,29.999999999999986,30.00000000000003,30.0,2.5,7.500000000000014
Korea Advanced Institute of Science and Technology (KAIST),30.000000000000057,30.00000000000003,30.000000000000007,2.499999999999993,7.5
Queen Mary University of London,30.000000000000085,29.999999999999943,29.99999999999998,2.500000000000014,7.500000000000057
University of Birmingham,30.0,29.99999999999997,29.999999999999986,2.500000000000007,7.5
University of Bern,30.000000000000085,29.999999999999943,30.0,2.499999999999993,7.500000000000014
University of Pittsburgh-Pittsburgh campus,30.00000000000003,30.0,29.999999999999993,2.4999999999999893,7.500000000000007
Aarhus University,30.00000000000014,29.99999999999989,30.000000000000025,2.5,7.499999999999972
Vanderbilt University,30.0000000000002,29.99999999999994,29.999999999999964,2.500000000000014,7.500000000000007
Free University of Berlin,30.000000000000007,29.99999999999994,30.000000000000007,2.499999999999986,7.5
University of Sheffield,29.999999999999943,30.000000000000068,29.99999999999993,2.499999999999986,7.500000000000057
Case Western Reserve University,30.000000000000007,30.0,29.999999999999943,2.5,7.500000000000028
University of Adelaide,29.99999999999997,30.000000000000004,30.0,2.5,7.500000000000043
National Taiwan University (NTU),30.0,30.000000000000068,30.000000000000007,2.500000000000014,7.5
University of Southampton,30.000000000000043,29.999999999999964,29.99999999999998,2.500000000000014,7.500000000000028
Ghent University,29.999999999999773,30.000000000000014,30.000000000000004,2.500000000000064,7.500000000000025
University of Colorado Boulder,29.999999999999915,30.000000000000014,30.000000000000036,2.5000000000000284,7.4999999999999964
University of Göttingen,30.00000000000005,30.000000000000004,30.00000000000002,2.500000000000014,7.500000000000028
City University of Hong Kong,30.000000000000043,30.000000000000078,29.99999999999997,2.500000000000057,7.5000000000000355
Maastricht University,29.999999999999986,30.00000000000004,30.00000000000003,2.499999999999986,7.500000000000014
Radboud University Nijmegen,29.999999999999993,30.00000000000009,29.999999999999982,2.5,7.5
University of York,29.999999999999886,30.00000000000007,30.00000000000002,2.5,7.499999999999957
University of Paris,29.999999999999986,30.00000000000003,30.0,2.500000000000014,7.500000000000007
University of Oslo,29.99999999999997,30.000000000000025,29.999999999999957,2.499999999999986,7.500000000000021
The University of Western Australia,30.000000000000135,29.999999999999932,29.99999999999998,2.5,7.500000000000028
Durham University,29.999999999999872,30.0,29.999999999999986,2.500000000000014,7.499999999999989
Indiana University,30.000000000000014,29.99999999999999,29.999999999999975,2.500000000000014,7.499999999999993
University of Vienna,29.999999999999964,30.0,29.999999999999982,2.500000000000014,7.500000000000025
University of Alberta,30.000000000000114,29.99999999999998,29.999999999999968,2.499999999999943,7.500000000000021
University of Cape Town,30.00000000000006,29.99999999999995,29.99999999999997,2.5000000000000213,7.499999999999975
Vrije Universiteit Amsterdam,30.000000000000032,29.999999999999915,29.99999999999998,2.4999999999999574,7.499999999999975
Lancaster University,29.999999999999943,29.999999999999954,29.99999999999997,2.500000000000014,7.500000000000014
Tufts University,29.999999999999943,29.999999999999936,30.00000000000002,2.500000000000014,7.499999999999957
University of Ottawa,30.00000000000002,30.00000000000001,30.0,2.5,7.499999999999993
Ulm University,30.000000000000064,29.999999999999964,29.99999999999995,2.4999999999999627,7.500000000000043
Pompeu Fabra University,30.00000000000003,29.999999999999986,29.999999999999986,2.4999999999999805,7.499999999999972
University of Geneva,29.999999999999915,30.000000000000032,30.000000000000014,2.4999999999999787,7.499999999999943
Nanjing University,29.99999999999993,30.00000000000003,29.99999999999997,2.5000000000000293,7.5
University of Exeter,30.000000000000085,29.999999999999886,30.0,2.5000000000000133,7.5
Pohang University of Science and Technology (POSTECH),29.99999999999976,30.00000000000022,29.999999999999986,2.500000000000014,7.5
University of Sussex,29.999999999999886,30.00000000000007,29.99999999999997,2.5,7.500000000000085
University of Hamburg,29.999999999999943,30.0,29.99999999999997,2.5000000000000213,7.5
Sant’Anna School of Advanced Studies – Pisa,29.999999999999943,29.999999999999968,29.999999999999986,2.4999999999999982,7.499999999999972
Technical University of Berlin,30.00000000000003,29.999999999999943,30.0,2.4999999999999973,7.500000000000028
Université Catholique de Louvain,29.999999999999986,30.000000000000007,30.0,2.500000000000059,7.499999999999993
University of Nottingham,30.000000000000057,30.0,29.99999999999998,2.4999999999999787,7.500000000000018
Scuola Normale Superiore di Pisa,30.0,29.999999999999943,30.00000000000003,2.500000000000032,7.499999999999957
Arizona State University (Tempe),30.0,29.99999999999997,29.999999999999993,2.4999999999999787,7.499999999999989
University of Leeds,29.9999999999998,30.000000000000114,29.999999999999996,2.5000000000000036,7.499999999999993
Autonomous University of Barcelona,30.0,30.0,30.000000000000007,2.5000000000000213,7.500000000000014
University of Cologne,29.999999999999943,30.000000000000057,29.999999999999964,2.4999999999999893,7.500000000000018
University of Mannheim,30.000000000000142,29.999999999999872,30.000000000000103,2.500000000000032,7.4999999999999964
University of Notre Dame,30.0000000000001,29.99999999999985,29.999999999999986,2.500000000000007,7.49999999999995
Shanghai Jiao Tong University,30.0,30.0,29.99999999999997,2.499999999999959,7.500000000000007
TU Dresden,29.999999999999872,29.999999999999858,29.999999999999947,2.5000000000000275,7.500000000000021
University of Würzburg,30.000000000000114,29.999999999999925,29.999999999999957,2.500000000000007,7.499999999999986
Trinity College Dublin,29.999999999999886,30.000000000000014,29.99999999999997,2.499999999999986,7.499999999999993
University of Liverpool,29.999999999999773,29.999999999999908,30.000000000000043,2.499999999999945,7.500000000000007
Bielefeld University,30.000000000000057,29.999999999999986,29.999999999999957,2.500000000000007,7.499999999999957
University of Leicester,30.0,30.000000000000103,30.00000000000004,2.5000000000000107,7.499999999999993
University of Aberdeen,29.99999999999997,30.00000000000012,30.000000000000014,2.500000000000014,7.5000000000000036
University of Bologna,29.999999999999943,30.0000000000001,29.999999999999993,2.500000000000057,7.499999999999986
Rutgers,29.999999999999943,29.999999999999915,29.99999999999998,2.5000000000000213,7.4999999999999645
Hong Kong Polytechnic University,30.0,30.00000000000003,29.999999999999986,2.5000000000000284,7.499999999999943
University of Alabama at Birmingham,30.00000000000003,29.99999999999996,29.999999999999986,2.5,7.500000000000028
Northeastern University,30.000000000000114,30.000000000000014,30.0,2.499999999999993,7.500000000000014
University of Rochester,30.000000000000057,30.0,29.999999999999986,2.499999999999968,7.5
University of Florida,29.99999999999997,29.999999999999964,29.999999999999986,2.500000000000007,7.500000000000075
Karlsruhe Institute of Technology,30.00000000000003,29.999999999999886,30.000000000000014,2.5000000000000036,7.499999999999993
Stockholm University,30.00000000000003,29.99999999999997,30.000000000000007,2.5000000000000036,7.499999999999986
Texas A&M University,30.000000000000085,29.99999999999998,30.000000000000004,2.4999999999999787,7.500000000000028
University of Auckland,29.99999999999997,29.999999999999886,30.00000000000003,2.500000000000014,7.49999999999995
University of California,30.000000000000085,30.000000000000007,30.0,2.4999999999999716,7.499999999999986
Korea University,30.0,30.000000000000007,30.000000000000036,2.4999999999999964,7.500000000000011
Queensland University of Technology,29.999999999999915,30.000000000000007,30.000000000000043,2.5000000000000213,7.5
University of Erlangen-Nuremberg,29.999999999999915,30.0000000000001,30.0,2.500000000000007,7.499999999999989
Aalto University,30.000000000000227,29.99999999999993,29.999999999999943,2.5000000000000284,7.5000000000000036
Technical University of Denmark,30.000000000000057,29.999999999999865,29.999999999999957,2.499999999999993,7.4999999999999964
Eindhoven University of Technology,30.000000000000142,30.000000000000078,30.000000000000004,2.5000000000000036,7.499999999999986
University of Gothenburg,30.000000000000156,30.000000000000014,29.999999999999993,2.5000000000000178,7.4999999999999645
Télécom Paris,30.000000000000057,29.9999999999999,29.999999999999986,2.499999999999993,7.500000000000007
Lomonosov Moscow State University,30.000000000000053,29.99999999999997,29.999999999999996,2.4999999999999964,7.5
University of Münster,30.00000000000003,30.000000000000057,30.00000000000003,2.500000000000014,7.500000000000011
Tel Aviv University,29.999999999999915,30.00000000000017,29.999999999999943,2.499999999999993,7.499999999999993
University of East Anglia,30.00000000000003,30.00000000000007,29.999999999999986,2.500000000000014,7.500000000000018
University of Canberra,29.999999999999957,29.99999999999993,30.000000000000064,2.4999999999999822,7.500000000000014
University of Duisburg-Essen,29.99999999999997,30.000000000000043,30.000000000000014,2.500000000000014,7.499999999999989
University of Technology Sydney,30.000000000000114,29.999999999999844,30.0,2.4999999999999503,7.499999999999972
University of the Witwatersrand,29.999999999999915,30.000000000000057,30.000000000000007,2.5000000000000426,7.499999999999968
Yonsei University (Seoul campus),29.99999999999993,29.99999999999996,29.999999999999925,2.5000000000000178,7.5000000000000355
University of Antwerp,29.99999999999997,30.000000000000284,29.99999999999998,2.4999999999999716,7.499999999999922
Cardiff University,30.00000000000003,29.999999999999908,29.99999999999997,2.499999999999993,7.500000000000008
George Washington University,30.000000000000057,30.0,29.99999999999998,2.5000000000000284,7.499999999999979
University of Lausanne,29.999999999999886,30.0,29.99999999999995,2.5,7.500000000000014
University of St Andrews,30.000000000000057,30.0,29.99999999999997,2.499999999999986,7.499999999999972
Aalborg University,29.999999999999694,30.000000000000227,30.000000000000064,2.4999999999999645,7.499999999999975
University of Barcelona,29.999999999999943,30.000000000000114,29.99999999999997,2.500000000000014,7.499999999999943
University of Bergen,29.99999999999983,30.000000000000455,30.000000000000014,2.4999999999999716,7.499999999999929
Brandeis University,30.000000000000114,29.999999999999886,29.999999999999964,2.5000000000000107,7.499999999999991
University of Calgary,29.999999999999886,30.0,30.00000000000002,2.499999999999929,7.500000000000043
Copenhagen Business School,29.999999999999858,30.0,29.99999999999999,2.5000000000000604,7.500000000000007
University of Dundee,30.000000000000085,30.0,29.99999999999998,2.4999999999999787,7.500000000000014
École Normale Supérieure de Lyon,30.0,30.000000000000114,29.999999999999993,2.499999999999943,7.499999999999972
Griffith University,29.99999999999997,30.000000000000227,30.00000000000006,2.4999999999998916,7.49999999999995
University of Hawai’i at Mānoa,30.000000000000114,29.999999999999858,29.999999999999954,2.4999999999999307,7.499999999999968
Hebrew University of Jerusalem,30.000000000000057,29.99999999999983,29.999999999999993,2.5,7.500000000000028
University of Hohenheim,30.0,30.000000000000227,29.999999999999968,2.499999999999986,7.499999999999957
Howard University,29.999999999999886,30.000000000000263,29.999999999999993,2.499999999999961,7.499999999999929
University of Iowa,30.000000000000085,30.000000000000057,29.999999999999993,2.500000000000031,7.499999999999989
James Cook University,30.000000000000057,30.000000000000057,30.000000000000014,2.4999999999999716,7.499999999999954
King Abdulaziz University,30.000000000000057,29.999999999999858,29.999999999999982,2.5000000000000027,7.499999999999993
University of Konstanz,29.999999999999886,30.00000000000017,30.000000000000025,2.499999999999968,7.499999999999961
KTH Royal Institute of Technology,29.999999999999943,30.000000000000114,30.000000000000018,2.499999999999993,7.499999999999911
Université Libre de Bruxelles,29.999999999999865,30.000000000000114,30.000000000000004,2.4999999999999893,7.499999999999929
University of Luxembourg,30.00000000000017,30.000000000000057,30.000000000000004,2.4999999999999716,7.499999999999979
Macquarie University,29.999999999999943,30.0,30.000000000000007,2.500000000000057,7.500000000000028
University of Massachusetts,29.999999999999886,29.999999999999943,30.000000000000007,2.500000000000057,7.500000000000021
Medical University of Graz,30.000000000000227,29.9999999999998,29.99999999999999,2.5000000000000533,7.500000000000017
Medical University of Vienna,30.000000000000085,30.000000000000142,30.000000000000007,2.499999999999986,7.499999999999979
University of Miami,30.000000000000185,30.000000000000114,29.99999999999993,2.4999999999999867,7.499999999999957
Moscow Institute of Physics and Technology (MIPT),30.000000000000085,30.0,29.999999999999975,2.4999999999999645,7.499999999999945
Newcastle University,30.0,30.0,29.99999999999997,2.500000000000057,7.499999999999929
University of Otago,29.999999999999943,30.000000000000057,29.999999999999986,2.500000000000014,7.49999999999995
University of Padua,30.000000000000057,30.000000000000114,30.000000000000036,2.5000000000000036,7.50000000000001
Paris-Sud University,30.0,30.000000000000227,29.999999999999922,2.5000000000000284,7.500000000000001
Queen’s University Belfast,30.000000000000057,30.0,30.00000000000001,2.5,7.499999999999972
RCSI University of Medicine and Health Sciences,29.999999999999886,30.0,30.000000000000025,2.5,7.500000000000028
University of Reading,29.999999999999943,30.00000000000017,30.0,2.499999999999975,7.500000000000007
St George’s,29.999999999999943,30.000000000000114,30.000000000000014,2.500000000000007,7.5
University of South Florida (Tampa),30.000000000000114,30.000000000000057,29.999999999999957,2.5,7.499999999999972
Tilburg University,30.0,30.000000000000128,30.000000000000014,2.49999999999997,7.499999999999986
University of Twente,30.0,30.00000000000003,30.000000000000014,2.4999999999999964,7.500000000000014
Ulsan National Institute of Science and Technology (UNIST),29.999999999999773,30.000000000000227,29.999999999999964,2.4999999999999574,7.499999999999979
University College Dublin,30.000000000000114,29.999999999999943,30.000000000000014,2.4999999999999787,7.499999999999993
University of Utah,30.00000000000017,30.000000000000114,29.999999999999975,2.4999999999999787,7.499999999999968
Virginia Polytechnic Institute and State University,30.000000000000114,29.999999999999858,29.999999999999957,2.4999999999999565,7.499999999999993
Vita-Salute San Raffaele University,29.999999999999886,30.000000000000185,30.00000000000003,2.4999999999999933,7.499999999999968
Vrije Universiteit Brussel,30.00000000000017,30.0,29.99999999999998,2.4999999999999574,7.499999999999957
Wake Forest University,29.999999999999986,30.00000000000015,29.999999999999975,2.499999999999991,7.4999999999999645
University of Waterloo,30.0,29.99999999999993,30.000000000000036,2.500000000000023,7.499999999999947
Western University,29.9999999999998,30.0,29.999999999999915,2.4999999999999716,7.49999999999995
William & Mary,30.000000000000014,30.00000000000012,29.99999999999996,2.4999999999999725,7.499999999999993
University of Wollongong,29.99999999999983,30.000000000000057,30.0,2.4999999999999645,7.499999999999972
Alfaisal University,30.0,29.999999999999986,29.999999999999975,2.500000000000007,7.499999999999973
Auckland University of Technology,30.0,29.99999999999997,29.999999999999975,2.499999999999975,7.499999999999968
Autonomous University of Madrid,30.00000000000003,30.00000000000017,29.999999999999957,2.4999999999999716,7.5000000000000036
University of Bath,30.00000000000022,29.999999999999545,29.999999999999986,2.500000000000057,7.499999999999986
Brighton and Sussex Medical School,30.000000000000142,29.9999999999998,30.00000000000002,2.500000000000057,7.500000000000019
University at Buffalo,30.000000000000192,29.999999999999886,29.999999999999986,2.5000000000000284,7.500000000000014
University of California,29.99999999999993,30.000000000000284,29.99999999999999,2.4999999999999787,7.499999999999929
Chalmers University of Technology,29.99999999999997,30.000000000000114,29.99999999999996,2.499999999999961,7.499999999999989
University of Cincinnati,30.0000000000002,30.000000000000114,29.999999999999943,2.499999999999943,7.4999999999999964
Curtin University,30.00000000000017,29.999999999999943,29.999999999999964,2.5000000000000107,7.499999999999986
Dalhousie University,30.000000000000036,30.000000000000114,29.99999999999998,2.499999999999943,7.499999999999957
University of Delaware,29.999999999999996,30.00000000000015,30.000000000000014,2.4999999999999325,7.500000000000025
École des Ponts ParisTech,30.000000000000142,29.99999999999988,29.999999999999943,2.5000000000000284,7.500000000000034
University of Essex,30.00000000000011,29.999999999999943,29.99999999999998,2.500000000000057,7.499999999999979
Flinders University,29.9999999999999,30.00000000000034,29.999999999999993,2.4999999999999147,7.5
Florida State University,29.99999999999997,30.000000000000128,30.0,2.500000000000014,7.499999999999973
George Mason University,30.0000000000001,30.0,29.999999999999993,2.499999999999943,7.500000000000025
Heriot-Watt University,29.999999999999957,30.00000000000017,30.000000000000004,2.499999999999872,7.5
HSE University,30.000000000000227,29.999999999999872,29.999999999999943,2.4999999999999787,7.500000000000014
University of Illinois at Chicago,29.99999999999978,30.00000000000044,29.999999999999968,2.499999999999913,7.499999999999952
University of Kiel,30.00000000000007,30.000000000000114,30.000000000000014,2.4999999999999716,7.500000000000025
La Trobe University,30.0,30.0,29.999999999999957,2.499999999999943,7.499999999999989
Université Laval,30.0,30.000000000000227,29.99999999999995,2.4999999999999147,7.499999999999979
Macau University of Science and Technology,30.000000000000057,30.00000000000003,29.99999999999994,2.499999999999986,7.500000000000008
Medical University of Innsbruck,29.99999999999997,30.0000000000001,29.999999999999957,2.499999999999936,7.500000000000004
National University of Ireland,29.99999999999973,30.00000000000044,29.99999999999998,2.4999999999999645,7.4999999999999964
University of Navarra,30.000000000000057,29.999999999999744,30.00000000000005,2.5000000000001172,7.500000000000007
University of Oregon,29.99999999999997,30.000000000000114,29.999999999999943,2.499999999999943,7.5000000000000036
Oregon Health and Science University,29.99999999999997,29.999999999999964,29.999999999999996,2.500000000000078,7.4999999999999645
University of Oulu,30.000000000000014,30.0,29.99999999999998,2.4999999999999147,7.499999999999993
University of Passau,30.000000000000185,29.99999999999976,29.99999999999998,2.500000000000007,7.500000000000043
University of Potsdam,29.999999999999915,30.000000000000114,29.99999999999997,2.499999999999943,7.4999999999999964
Queen’s University,29.99999999999993,30.00000000000017,30.00000000000002,2.500000000000009,7.499999999999993
Royal Holloway,29.999999999999968,30.000000000000057,29.99999999999997,2.5,7.499999999999979
Ruhr University Bochum,29.99999999999997,30.000000000000085,29.999999999999993,2.5000000000000284,7.500000000000007
University of São Paulo,29.99999999999997,29.999999999999957,30.000000000000014,2.5000000000000178,7.499999999999988
Sapienza University of Rome,29.999999999999943,30.0,29.999999999999964,2.4999999999999787,7.499999999999982
Simon Fraser University,29.999999999999893,30.000000000000114,29.99999999999997,2.4999999999999716,7.499999999999979
University of South Australia,29.999999999999744,30.00000000000071,29.999999999999982,2.499999999999961,7.499999999999936
University of Southern Denmark,30.000000000000085,29.999999999999773,30.00000000000003,2.4999999999999982,7.4999999999999964
Stellenbosch University,29.99999999999993,30.000000000000178,30.00000000000004,2.5000000000000213,7.499999999999961
University of Stuttgart,30.000000000000057,30.00000000000017,30.000000000000036,2.4999999999999005,7.49999999999994
Sun Yat-sen University,30.00000000000012,29.99999999999976,29.999999999999986,2.500000000000057,7.499999999999979
University of Surrey,30.000000000000142,30.000000000000085,29.99999999999998,2.500000000000007,7.4999999999999964
Swansea University,30.00000000000017,29.999999999999844,29.999999999999968,2.499999999999986,7.500000000000048
Syracuse University,30.000000000000142,29.999999999999943,29.99999999999998,2.499999999999929,7.500000000000021
Tampere University,30.000000000000057,29.999999999999886,30.0,2.4999999999999716,7.5000000000000036
Technical University of Darmstadt,30.0,30.000000000000114,29.999999999999837,2.5000000000000284,7.500000000000028
Tohoku University,30.00000000000017,29.999999999999886,29.999999999999975,2.499999999999943,7.50000000000003
Tokyo Institute of Technology,29.999999999999922,30.000000000000057,29.99999999999999,2.500000000000057,7.5
Western Sydney University,29.999999999999936,30.0,30.00000000000003,2.499999999999943,7.4999999999999964
Aix-Marseille University,29.999999999999844,29.999999999999687,30.00000000000007,2.5000000000003126,7.499999999999947
Anglia Ruskin University ARU,30.00000000000003,30.00000000000017,30.000000000000014,2.499999999999943,7.499999999999982
Beijing Normal University,29.99999999999983,30.00000000000017,29.999999999999968,2.5000000000000497,7.49999999999997
Boston College,30.00000000000003,30.000000000000256,29.999999999999996,2.4999999999998863,7.499999999999959
University of Canterbury,30.00000000000003,30.000000000000057,29.999999999999996,2.500000000000014,7.499999999999975
Colorado School of Mines,29.9999999999999,30.00000000000017,29.999999999999986,2.5,7.499999999999993
Cyprus University of Technology,29.99999999999993,30.00000000000034,30.000000000000085,2.499999999999744,7.499999999999989
Deakin University,29.999999999999858,30.000000000000313,29.99999999999998,2.499999999999858,7.499999999999959
University of Fribourg,29.999999999999872,29.999999999999915,30.000000000000078,2.5000000000000995,7.499999999999972
Goethe University Frankfurt,29.99999999999993,29.999999999999794,29.999999999999993,2.5000000000002167,7.499999999999943
Grenoble Alpes University,30.00000000000003,29.999999999999602,29.999999999999993,2.5000000000002274,7.499999999999978
Huazhong University of Science and Technology,29.999999999999957,30.000000000000036,30.000000000000014,2.4999999999999476,7.499999999999968
Indian Institute of Science,29.999999999999886,30.000000000000128,29.999999999999996,2.499999999999986,7.499999999999968
Indian Institute of Technology Ropar,29.999999999999986,30.000000000000057,30.00000000000001,2.4999999999999716,7.4999999999999964
Jacobs University,29.999999999999858,30.0000000000001,30.00000000000001,2.499999999999936,7.500000000000002
Johannes Gutenberg University of Mainz,29.999999999999886,30.000000000000114,30.000000000000018,2.499999999999911,7.4999999999999964
University of Klagenfurt,29.9999999999999,30.00000000000003,30.00000000000003,2.5000000000000853,7.4999999999999805
Kyung Hee University,30.00000000000007,30.00000000000003,29.999999999999975,2.499999999999986,7.500000000000011
University of Liège,30.000000000000014,30.000000000000085,29.999999999999993,2.500000000000007,7.500000000000014
University of Macau,30.000000000000014,29.999999999999773,30.0,2.500000000000057,7.499999999999989
University of Malaya,30.000000000000043,29.999999999999858,29.999999999999996,2.500000000000014,7.499999999999998
University of Marburg,29.999999999999886,30.000000000000057,30.000000000000014,2.499999999999943,7.499999999999979
Maynooth University,30.000000000000128,30.000000000000114,30.00000000000001,2.4999999999998863,7.500000000000034
University of Milan,29.99999999999998,30.000000000000057,29.99999999999995,2.4999999999999716,7.5000000000000115
Montpellier University,30.000000000000043,29.999999999999993,29.99999999999999,2.5000000000000497,7.499999999999959
Nagoya University,30.000000000000014,30.00000000000011,29.999999999999975,2.4999999999999147,7.4999999999999964
University of Newcastle,29.999999999999915,30.000000000000085,29.999999999999964,2.499999999999929,7.5000000000000036
University of New Mexico (Main campus),30.000000000000096,29.999999999999886,29.99999999999993,2.500000000000284,7.500000000000078
North Carolina State University,30.000000000000128,30.000000000000227,30.000000000000004,2.4999999999997726,7.499999999999996
Nova Southeastern University,29.99999999999997,30.000000000000064,29.99999999999999,2.499999999999858,7.500000000000037
Osaka University,29.999999999999893,30.000000000000078,30.000000000000025,2.5,7.500000000000014
Politecnico di Milano,29.999999999999925,30.000000000000146,30.0,2.500000000000009,7.499999999999972
Reykjavík University,29.99999999999973,30.000000000000398,29.999999999999975,2.5000000000000426,7.5000000000000036
Rush University,29.999999999999993,30.000000000000014,29.999999999999993,2.4999999999999183,7.50000000000001
Southern University of Science and Technology (SUSTech),29.99999999999993,30.00000000000007,29.999999999999986,2.5,7.499999999999986
Stony Brook University,29.999999999999915,29.99999999999987,30.000000000000025,2.5000000000001137,7.499999999999952
Swedish University of Agricultural Sciences,30.000000000000043,29.99999999999997,30.0,2.4999999999999893,7.500000000000007
University of Tartu,30.000000000000085,30.000000000000135,30.00000000000004,2.4999999999997016,7.50000000000003
University of Tasmania,29.999999999999844,30.000000000000068,30.000000000000036,2.499999999999978,7.499999999999975
Temple University,29.99999999999993,29.999999999999915,30.000000000000068,2.5000000000002274,7.499999999999956
The University of Tennessee-Knoxville,30.00000000000007,29.9999999999999,29.99999999999998,2.4999999999999662,7.500000000000032
University of Texas at Dallas,29.999999999999886,30.00000000000003,30.000000000000036,2.5000000000000853,7.500000000000016
University of Trento,30.00000000000003,30.00000000000057,29.99999999999997,2.4999999999994884,7.500000000000011
Tulane University,30.0,30.000000000000128,30.000000000000025,2.4999999999999147,7.499999999999994
Umeå University,29.999999999999886,30.00000000000013,30.000000000000036,2.4999999999999893,7.4999999999999805
United Arab Emirates University,29.99999999999997,30.000000000000227,30.000000000000007,2.4999999999998437,7.500000000000028
Università della Svizzera Italiana,29.999999999999915,30.000000000000085,30.000000000000156,2.4999999999999716,7.499999999999833
University College Cork,29.9999999999999,30.000000000000114,30.000000000000043,2.499999999999922,7.499999999999997
Victoria University,29.999999999999893,30.00000000000011,29.999999999999915,2.4999999999999885,7.500000000000153
University of Alaska Fairbanks,30.00000000000007,30.0,29.999999999999993,2.500000000000007,7.500000000000011
American University of Beirut,30.000000000000092,29.99999999999997,29.999999999999968,2.4999999999999787,7.499999999999975
Australian Catholic University,30.00000000000003,29.999999999999943,29.999999999999982,2.500000000000007,7.500000000000012
Babol Noshirvani University of Technology,30.000000000000057,29.999999999999908,30.000000000000007,2.5000000000000107,7.500000000000021
University of Bayreuth,29.9999999999999,29.999999999999986,29.999999999999993,2.499999999999986,7.500000000000002
Birkbeck,30.00000000000011,29.999999999999908,30.0,2.500000000000023,7.499999999999986
University of Bremen,29.99999999999997,30.00000000000003,30.000000000000036,2.5000000000000355,7.5
