university_name,teaching,research,citations,income,international
University of Oxford,30.000000000000114,29.999999999999943,29.999999999999858,2.500000000000014,7.500000000000043
California Institute of Technology,29.999999999999943,29.99999999999983,30.00000000000003,2.5000000000000853,7.500000000000014
University of Cambridge,30.000000000000057,29.999999999999943,29.99999999999997,2.4999999999999716,7.499999999999957
Stanford University,30.000000000000114,29.99999999999966,30.000000000000114,2.5000000000000426,7.499999999999986
Massachusetts Institute of Technology,30.000000000000057,30.00000000000003,30.000000000000057,2.500000000000014,7.500000000000028
Princeton University,29.999999999999943,30.000000000000284,29.99999999999963,2.5000000000000284,7.500000000000199
Harvard University,30.0,30.000000000000014,29.999999999999943,2.5000000000000284,7.5000000000000995
Yale University,30.0,30.00000000000003,29.99999999999993,2.500000000000014,7.500000000000128
The University of Chicago,30.000000000000114,30.0,29.999999999999744,2.5,7.499999999999972
Imperial College London,30.000000000000057,29.9999999999998,30.000000000000057,2.500000000000014,7.500000000000071
University of Pennsylvania,30.000000000000057,30.00000000000017,29.999999999999858,2.4999999999999574,7.5
Johns Hopkins University,30.0,30.00000000000017,29.999999999999943,2.500000000000007,7.5000000000000995
University of California,29.999999999999886,30.000000000000398,29.999999999999602,2.499999999999929,7.499999999999943
ETH Zurich,29.999999999999943,29.999999999999844,30.000000000000057,2.500000000000007,7.500000000000028
UCL,30.00000000000017,29.999999999999574,30.00000000000017,2.5000000000000284,7.500000000000028
Columbia University,29.999999999999943,30.000000000000085,29.99999999999983,2.4999999999999787,7.500000000000071
University of California,30.000000000000014,29.999999999999943,30.000000000000057,2.499999999999986,7.499999999999986
University of Toronto,29.999999999999943,30.000000000000057,29.999999999999886,2.4999999999999716,7.5
Cornell University,29.99999999999999,30.000000000000114,30.000000000000114,2.4999999999999574,7.499999999999943
Duke University,30.000000000000156,29.999999999999886,30.0,2.499999999999943,7.5
University of Michigan-Ann Arbor,29.99999999999988,30.0,29.999999999999943,2.5000000000000284,7.5000000000000995
Northwestern University,29.999999999999964,29.999999999999957,29.99999999999997,2.499999999999943,7.500000000000028
Tsinghua University,30.000000000000014,30.000000000000057,29.99999999999983,2.4999999999999716,7.5
Peking University,30.000000000000092,29.99999999999993,29.999999999999943,2.4999999999999716,7.499999999999943
National University of Singapore,30.000000000000057,29.99999999999997,30.00000000000003,2.4999999999999716,7.500000000000028
University of Washington,29.999999999999925,30.000000000000327,29.999999999999723,2.4999999999999574,7.499999999999973
Carnegie Mellon University,30.0,30.000000000000284,29.999999999999716,2.499999999999986,7.499999999999972
London School of Economics and Political Science,30.000000000000142,30.000000000000057,29.999999999999886,2.4999999999999716,7.500000000000057
New York University,30.000000000000085,30.0,29.999999999999886,2.4999999999999005,7.500000000000014
University of Edinburgh,30.000000000000128,29.999999999999773,30.000000000000114,2.500000000000014,7.499999999999957
University of California,29.999999999999947,29.999999999999968,29.999999999999854,2.5000000000000098,7.500000000000109
LMU Munich,29.999999999999915,30.000000000000227,29.999999999999936,2.4999999999999867,7.5000000000000675
University of Melbourne,30.000000000000064,30.000000000000064,30.000000000000018,2.500000000000024,7.499999999999985
University of British Columbia,30.0,30.000000000000114,29.999999999999986,2.500000000000014,7.499999999999957
University of Hong Kong,30.000000000000057,29.999999999999886,29.999999999999897,2.4999999999999716,7.499999999999957
King’s College London,30.000000000000114,30.000000000000114,29.999999999999957,2.4999999999999716,7.500000000000064
The University of Tokyo,30.000000000000057,29.999999999999886,29.99999999999998,2.5,7.500000000000039
École Polytechnique Fédérale de Lausanne,30.0,30.000000000000114,29.999999999999936,2.4999999999999574,7.4999999999999325
Georgia Institute of Technology,30.0000000000002,29.99999999999983,30.000000000000018,2.5,7.5000000000000036
University of Texas at Austin,29.999999999999943,30.00000000000017,29.999999999999957,2.499999999999986,7.499999999999961
Karolinska Institute,30.000000000000114,29.999999999999943,30.00000000000003,2.500000000000014,7.49999999999995
McGill University,30.0,29.999999999999943,29.999999999999936,2.500000000000014,7.499999999999929
Technical University of Munich,29.999999999999886,30.000000000000114,29.99999999999995,2.499999999999986,7.500000000000057
Heidelberg University,30.000000000000057,30.000000000000057,29.999999999999993,2.5,7.499999999999972
KU Leuven,29.999999999999943,30.000000000000284,29.99999999999994,2.499999999999986,7.500000000000007
Paris Sciences et Lettres – PSL Research University Paris,30.00000000000003,30.000000000000057,29.99999999999996,2.500000000000057,7.5
The Hong Kong University of Science and Technology,30.000000000000014,30.0,29.999999999999915,2.5000000000000284,7.500000000000014
University of Illinois at Urbana-Champaign,29.999999999999908,30.0,29.99999999999993,2.499999999999986,7.4999999999999805
Nanyang Technological University,29.99999999999997,30.000000000000114,29.999999999999858,2.4999999999999716,7.499999999999943
Australian National University,29.999999999999993,30.0,29.999999999999986,2.5,7.500000000000071
University of Wisconsin-Madison,30.0,30.0,30.000000000000014,2.5000000000000284,7.4999999999999964
Washington University in St Louis,30.000000000000014,29.999999999999943,29.999999999999957,2.5000000000000853,7.500000000000028
Brown University,29.99999999999993,30.000000000000057,30.0,2.4999999999999716,7.499999999999986
University of North Carolina at Chapel Hill,30.000000000000128,30.0,30.0,2.5,7.499999999999993
University of California,30.00000000000003,29.999999999999943,29.999999999999964,2.5,7.500000000000028
University of Manchester,30.000000000000142,30.0,30.00000000000003,2.4999999999999574,7.5
University of California,30.000000000000057,29.999999999999886,29.999999999999943,2.500000000000014,7.500000000000014
Chinese University of Hong Kong,29.999999999999886,30.000000000000114,30.0,2.4999999999999147,7.499999999999929
Wageningen University & Research,30.000000000000057,30.0,30.00000000000003,2.499999999999968,7.499999999999972
University of Sydney,30.00000000000003,29.99999999999966,30.0,2.5000000000000853,7.500000000000057
Boston University,30.00000000000003,29.999999999999773,30.00000000000003,2.500000000000057,7.500000000000014
University of Amsterdam,29.999999999999844,30.000000000000227,29.99999999999997,2.499999999999993,7.499999999999915
University of Southern California,30.0000000000002,30.0,29.999999999999886,2.499999999999986,7.500000000000014
Seoul National University,30.000000000000043,30.000000000000128,29.99999999999997,2.5,7.499999999999972
Kyoto University,29.999999999999996,30.000000000000018,30.000000000000014,2.500000000000057,7.5
The University of Queensland,29.99999999999983,30.00000000000017,30.00000000000003,2.4999999999999774,7.499999999999975
Delft University of Technology,30.000000000000057,30.000000000000057,30.000000000000007,2.500000000000014,7.500000000000028
Leiden University,29.999999999999986,29.999999999999943,29.99999999999997,2.499999999999968,7.499999999999933
Erasmus University Rotterdam,30.000000000000085,29.99999999999966,30.00000000000003,2.5000000000000746,7.500000000000012
Ohio State University (Main campus),30.00000000000005,29.999999999999975,29.999999999999943,2.500000000000057,7.500000000000014
UNSW Sydney,30.000000000000004,30.000000000000156,29.99999999999983,2.5000000000000284,7.5000000000000036
McMaster University,29.99999999999995,30.000000000000114,29.99999999999997,2.499999999999993,7.499999999999982
University of Groningen,29.99999999999999,30.000000000000057,29.999999999999943,2.500000000000014,7.499999999999989
Humboldt University of Berlin,30.000000000000046,29.999999999999993,29.999999999999886,2.500000000000057,7.500000000000014
Monash University,30.000000000000032,30.00000000000003,29.999999999999986,2.5000000000000853,7.500000000000035
Utrecht University,29.999999999999943,30.00000000000003,29.99999999999998,2.5000000000000284,7.499999999999979
University of Warwick,29.99999999999997,29.999999999999943,30.0,2.500000000000071,7.500000000000043
Penn State (Main campus),29.999999999999943,30.00000000000003,30.000000000000043,2.4999999999999716,7.499999999999961
University of Minnesota,30.0,30.000000000000014,30.000000000000007,2.500000000000014,7.499999999999963
Charité - Universitätsmedizin Berlin,29.99999999999997,29.99999999999997,30.000000000000068,2.4999999999999076,7.499999999999972
Emory University,30.0,30.0,30.0,2.4999999999999716,7.4999999999999964
University of Science and Technology of China,30.000000000000114,29.9999999999999,29.999999999999993,2.500000000000014,7.499999999999986
Sorbonne University,30.00000000000003,29.99999999999993,29.999999999999964,2.500000000000071,7.500000000000007
Michigan State University,30.0,30.0,30.00000000000003,2.4999999999999716,7.500000000000014
University of Montreal,29.999999999999964,29.999999999999975,29.99999999999997,2.500000000000071,7.500000000000021
University of Freiburg,30.00000000000001,29.99999999999997,29.999999999999986,2.5000000000000213,7.500000000000011
University of Bristol,29.99999999999995,30.000000000000014,29.999999999999957,2.5,7.500000000000007
Purdue University West Lafayette,30.000000000000128,30.000000000000043,29.999999999999908,2.5000000000000284,7.499999999999957
Sungkyunkwan University (SKKU),30.00000000000001,29.999999999999904,30.000000000000128,2.5,7.499999999999893
University of Zurich,30.00000000000002,29.999999999999964,29.99999999999995,2.5000000000000853,7.499999999999957
University of Maryland,30.0,29.99999999999995,29.999999999999986,2.5000000000000284,7.49999999999995
University of Tübingen,29.99999999999998,30.00000000000007,30.000000000000036,2.4999999999999716,7.499999999999979
École Polytechnique,29.999999999999957,30.000000000000032,29.999999999999975,2.500000000000014,7.499999999999983
University of Basel,29.999999999999915,30.000000000000085,30.000000000000043,2.4999999999999716,7.499999999999957
Dartmouth College,29.999999999999964,30.0,30.000000000000007,2.4999999999999716,7.499999999999957
University of California,29.999999999999883,29.99999999999997,30.000000000000043,2.500000000000057,7.499999999999972
University of Helsinki,30.000000000000007,30.000000000000096,29.999999999999957,2.5,7.500000000000007
Lund University,30.000000000000064,29.999999999999964,29.99999999999993,2.5,7.500000000000007
University of Glasgow,30.000000000000057,30.00000000000003,29.999999999999943,2.5000000000000284,7.499999999999979
RWTH Aachen University,29.999999999999968,30.000000000000078,30.000000000000092,2.499999999999986,7.499999999999918
University of Copenhagen,29.999999999999968,29.999999999999993,30.0,2.5000000000000284,7.5
Georgetown University,30.00000000000013,29.999999999999943,30.000000000000043,2.5000000000000284,7.4999999999999645
Uppsala University,30.00000000000007,29.999999999999872,30.00000000000003,2.5000000000000853,7.499999999999929
University of Arizona,29.999999999999947,30.00000000000003,30.00000000000003,2.5000000000000284,7.499999999999922
University of Bonn,29.999999999999968,30.000000000000043,29.99999999999997,2.499999999999993,7.499999999999993
Rice University,29.999999999999986,30.0,30.0,2.5000000000001137,7.500000000000057
University of Virginia (Main campus),30.000000000000064,30.00000000000003,29.99999999999998,2.4999999999999716,7.499999999999986
Zhejiang University,30.000000000000057,29.999999999999915,29.999999999999968,2.5000000000000426,7.499999999999973
Fudan University,30.000000000000046,30.000000000000057,30.000000000000014,2.499999999999943,7.500000000000014
Korea Advanced Institute of Science and Technology (KAIST),30.000000000000068,30.000000000000057,29.99999999999996,2.4999999999999147,7.500000000000021
Queen Mary University of London,30.000000000000057,30.00000000000003,30.000000000000014,2.5,7.499999999999979
University of Birmingham,30.000000000000053,29.99999999999983,30.000000000000014,2.5000000000001137,7.5
University of Bern,29.999999999999964,30.0,29.9999999999999,2.5000000000000213,7.500000000000053
University of Pittsburgh-Pittsburgh campus,30.000000000000043,30.0,29.999999999999943,2.499999999999943,7.500000000000028
Aarhus University,30.000000000000114,29.999999999999943,29.999999999999986,2.5000000000000853,7.500000000000028
Vanderbilt University,30.00000000000002,30.0,29.99999999999998,2.499999999999943,7.5
Free University of Berlin,29.99999999999997,29.99999999999997,29.99999999999998,2.5000000000000284,7.5
University of Sheffield,30.00000000000007,30.000000000000057,29.99999999999998,2.4999999999999716,7.499999999999986
Case Western Reserve University,30.000000000000057,30.000000000000142,29.99999999999998,2.4999999999999716,7.499999999999972
University of Adelaide,30.000000000000085,29.999999999999787,29.99999999999997,2.500000000000121,7.500000000000064
National Taiwan University (NTU),30.00000000000003,29.999999999999943,29.999999999999993,2.5,7.499999999999986
University of Southampton,30.000000000000043,29.999999999999943,29.99999999999997,2.500000000000057,7.500000000000014
Ghent University,30.000000000000043,29.99999999999997,29.99999999999998,2.4999999999999574,7.499999999999979
University of Colorado Boulder,30.000000000000036,29.999999999999858,29.999999999999986,2.5000000000000284,7.499999999999979
University of Göttingen,30.000000000000043,30.000000000000142,30.000000000000014,2.499999999999929,7.499999999999936
City University of Hong Kong,30.0,29.999999999999986,29.99999999999998,2.5000000000000426,7.500000000000043
Maastricht University,30.00000000000002,29.999999999999943,29.999999999999986,2.5000000000000995,7.499999999999986
Radboud University Nijmegen,30.000000000000043,30.000000000000057,29.999999999999957,2.4999999999999716,7.499999999999986
University of York,30.0,30.00000000000003,29.99999999999998,2.4999999999999716,7.499999999999986
University of Paris,29.999999999999993,30.0,30.00000000000002,2.5,7.5
University of Oslo,30.000000000000043,30.000000000000057,30.000000000000007,2.4999999999999716,7.500000000000014
The University of Western Australia,29.999999999999943,29.99999999999997,30.000000000000014,2.5000000000000853,7.499999999999986
Durham University,30.000000000000085,29.999999999999886,29.999999999999986,2.500000000000057,7.500000000000028
Indiana University,30.0,29.99999999999983,29.99999999999998,2.5000000000000284,7.500000000000018
University of Vienna,29.999999999999893,29.99999999999997,29.99999999999998,2.500000000000071,7.500000000000007
University of Alberta,30.000000000000057,30.00000000000003,29.999999999999908,2.499999999999986,7.499999999999957
University of Cape Town,30.000000000000064,30.0,29.99999999999993,2.5000000000000178,7.500000000000043
Vrije Universiteit Amsterdam,30.000000000000085,30.0,29.999999999999986,2.5000000000000178,7.500000000000028
Lancaster University,30.000000000000085,29.999999999999858,30.0,2.50000000000002,7.500000000000028
Tufts University,30.000000000000085,30.00000000000003,29.999999999999915,2.500000000000071,7.500000000000014
University of Ottawa,30.000000000000057,30.0,29.99999999999997,2.500000000000007,7.5
Ulm University,29.99999999999997,29.99999999999997,29.999999999999993,2.499999999999986,7.500000000000043
Pompeu Fabra University,29.999999999999886,30.0,29.999999999999993,2.5000000000000426,7.5
University of Geneva,30.0,30.000000000000057,29.999999999999996,2.5,7.499999999999972
Nanjing University,29.99999999999993,29.999999999999858,29.999999999999993,2.4999999999999716,7.500000000000028
University of Exeter,29.999999999999943,30.0,29.999999999999986,2.5,7.499999999999986
Pohang University of Science and Technology (POSTECH),30.0,29.99999999999997,30.00000000000001,2.500000000000014,7.5
University of Sussex,30.000000000000014,29.99999999999993,29.99999999999995,2.5000000000000284,7.500000000000014
University of Hamburg,30.000000000000043,29.999999999999915,29.99999999999999,2.5000000000000284,7.500000000000057
Sant’Anna School of Advanced Studies – Pisa,30.000000000000128,29.999999999999872,30.0,2.500000000000014,7.500000000000057
Technical University of Berlin,30.00000000000003,29.99999999999997,29.999999999999993,2.4999999999999574,7.500000000000014
Université Catholique de Louvain,29.99999999999993,30.00000000000003,30.0,2.500000000000014,7.500000000000028
University of Nottingham,30.000000000000057,29.999999999999943,30.0,2.499999999999986,7.500000000000057
Scuola Normale Superiore di Pisa,30.000000000000036,30.000000000000057,30.000000000000007,2.5,7.500000000000014
Arizona State University (Tempe),30.000000000000057,29.99999999999998,30.000000000000025,2.4999999999999574,7.499999999999993
University of Leeds,29.999999999999943,29.999999999999915,30.0,2.4999999999999574,7.5
Autonomous University of Barcelona,29.999999999999886,30.0,30.000000000000014,2.5000000000000284,7.5
University of Cologne,30.000000000000057,29.999999999999943,30.00000000000002,2.4999999999999574,7.499999999999993
University of Mannheim,30.00000000000003,29.999999999999986,30.0,2.500000000000014,7.500000000000007
University of Notre Dame,30.000000000000036,29.999999999999943,30.000000000000004,2.4999999999999503,7.500000000000014
Shanghai Jiao Tong University,30.00000000000003,29.999999999999957,30.0,2.5000000000000284,7.500000000000007
TU Dresden,30.000000000000085,29.99999999999997,29.999999999999993,2.5000000000000426,7.5
University of Würzburg,30.000000000000043,29.999999999999957,29.999999999999986,2.5000000000000426,7.500000000000021
Trinity College Dublin,29.99999999999993,30.0000000000001,29.999999999999957,2.4999999999999574,7.499999999999943
University of Liverpool,30.000000000000085,30.0,29.99999999999998,2.499999999999943,7.500000000000007
Bielefeld University,30.00000000000003,30.00000000000003,30.000000000000004,2.500000000000014,7.4999999999999645
University of Leicester,29.999999999999957,29.999999999999986,30.000000000000018,2.500000000000014,7.499999999999993
University of Aberdeen,30.0000000000001,30.00000000000002,29.999999999999996,2.499999999999943,7.500000000000014
University of Bologna,30.000000000000014,29.999999999999943,30.000000000000014,2.500000000000014,7.500000000000057
Rutgers,29.999999999999943,30.000000000000107,30.000000000000014,2.4999999999999716,7.500000000000025
Hong Kong Polytechnic University,30.0000000000001,29.99999999999997,30.000000000000004,2.4999999999999716,7.5
University of Alabama at Birmingham,29.99999999999997,29.99999999999997,30.00000000000002,2.5000000000000426,7.500000000000021
Northeastern University,30.0000000000001,30.0,29.999999999999993,2.499999999999943,7.500000000000014
University of Rochester,30.000000000000007,30.00000000000003,29.999999999999954,2.5000000000000284,7.5
University of Florida,30.000000000000057,29.999999999999947,30.000000000000014,2.499999999999943,7.499999999999995
Karlsruhe Institute of Technology,29.999999999999943,29.99999999999995,30.00000000000005,2.4999999999999716,7.500000000000021
Stockholm University,30.000000000000057,29.99999999999997,29.999999999999996,2.499999999999943,7.500000000000014
Texas A&M University,30.000000000000014,29.999999999999993,29.999999999999996,2.499999999999986,7.499999999999998
University of Auckland,30.00000000000003,29.99999999999988,30.000000000000007,2.499999999999986,7.500000000000028
University of California,30.0,29.9999999999999,29.999999999999993,2.4999999999999716,7.4999999999999645
Korea University,30.000000000000057,29.999999999999957,30.00000000000003,2.499999999999929,7.500000000000021
Queensland University of Technology,30.000000000000014,29.999999999999957,30.000000000000014,2.500000000000057,7.5000000000000355
University of Erlangen-Nuremberg,30.0,29.99999999999997,30.0,2.500000000000014,7.5
Aalto University,30.00000000000003,29.99999999999997,30.000000000000007,2.4999999999999716,7.500000000000007
Technical University of Denmark,30.000000000000057,29.999999999999922,30.0,2.499999999999986,7.500000000000025
Eindhoven University of Technology,30.00000000000005,29.999999999999915,30.000000000000004,2.500000000000014,7.500000000000007
University of Gothenburg,30.00000000000003,29.999999999999986,30.000000000000018,2.5,7.499999999999972
Télécom Paris,29.999999999999957,30.0,29.999999999999996,2.500000000000057,7.500000000000028
Lomonosov Moscow State University,29.99999999999998,30.0,30.000000000000025,2.5,7.500000000000028
University of Münster,29.999999999999943,30.000000000000043,30.000000000000004,2.5,7.499999999999982
Tel Aviv University,29.99999999999997,29.999999999999872,30.000000000000036,2.5,7.500000000000005
University of East Anglia,30.000000000000085,29.999999999999773,30.000000000000014,2.5000000000000115,7.500000000000007
University of Canberra,29.99999999999997,30.000000000000057,30.000000000000043,2.500000000000009,7.499999999999986
University of Duisburg-Essen,30.00000000000003,29.999999999999943,30.0,2.500000000000015,7.5
University of Technology Sydney,30.0,29.999999999999943,30.00000000000002,2.4999999999999893,7.499999999999993
University of the Witwatersrand,30.00000000000017,29.999999999999943,30.000000000000004,2.4999999999999822,7.500000000000007
Yonsei University (Seoul campus),29.999999999999858,30.000000000000114,29.999999999999968,2.500000000000009,7.500000000000021
University of Antwerp,30.00000000000003,29.99999999999997,29.999999999999982,2.5000000000000213,7.500000000000039
Cardiff University,29.999999999999915,29.999999999999886,30.000000000000004,2.4999999999999964,7.500000000000007
George Washington University,30.0,29.999999999999943,29.99999999999998,2.5000000000000213,7.500000000000025
University of Lausanne,30.0,29.99999999999983,30.00000000000006,2.500000000000091,7.500000000000043
University of St Andrews,30.000000000000057,29.999999999999886,29.999999999999993,2.500000000000023,7.500000000000028
Aalborg University,30.0,29.999999999999744,30.0,2.5000000000000675,7.500000000000043
University of Barcelona,30.00000000000003,29.999999999999773,30.000000000000007,2.500000000000064,7.500000000000021
University of Bergen,30.00000000000003,29.999999999999886,29.99999999999997,2.4999999999999964,7.499999999999957
Brandeis University,29.999999999999844,30.000000000000114,30.000000000000014,2.500000000000014,7.499999999999943
University of Calgary,30.000000000000057,29.999999999999886,30.00000000000002,2.4999999999999574,7.499999999999986
Copenhagen Business School,29.999999999999886,30.0,30.000000000000057,2.5000000000000426,7.499999999999986
University of Dundee,29.999999999999886,30.00000000000003,30.00000000000003,2.5000000000000995,7.4999999999999645
École Normale Supérieure de Lyon,30.0,29.999999999999943,29.99999999999995,2.5000000000000533,7.500000000000028
Griffith University,29.999999999999858,30.000000000000057,30.00000000000003,2.500000000000071,7.499999999999957
University of Hawai’i at Mānoa,30.000000000000057,29.999999999999943,29.99999999999998,2.5000000000000213,7.500000000000007
Hebrew University of Jerusalem,30.0,29.999999999999858,29.99999999999998,2.500000000000014,7.499999999999986
University of Hohenheim,30.000000000000057,29.999999999999773,30.00000000000002,2.4999999999999964,7.500000000000021
Howard University,29.999999999999957,30.0,29.999999999999964,2.500000000000057,7.5000000000000355
University of Iowa,29.99999999999997,30.000000000000114,29.999999999999993,2.4999999999999574,7.5
James Cook University,29.999999999999943,30.000000000000057,29.99999999999997,2.500000000000014,7.499999999999957
King Abdulaziz University,30.00000000000003,30.0,29.999999999999993,2.5000000000000213,7.499999999999986
University of Konstanz,29.999999999999957,29.99999999999997,30.000000000000014,2.5000000000000675,7.499999999999929
KTH Royal Institute of Technology,30.0,29.999999999999943,29.999999999999982,2.500000000000014,7.499999999999993
Université Libre de Bruxelles,29.99999999999997,30.000000000000057,29.999999999999993,2.500000000000014,7.499999999999979
University of Luxembourg,30.000000000000085,29.999999999999886,29.999999999999986,2.499999999999968,7.500000000000018
Macquarie University,30.0,29.999999999999886,30.000000000000014,2.4999999999999893,7.500000000000007
University of Massachusetts,30.000000000000114,29.99999999999983,30.0,2.5000000000000213,7.500000000000043
Medical University of Graz,30.0,29.999999999999943,29.99999999999997,2.5000000000000355,7.499999999999972
Medical University of Vienna,29.99999999999997,29.999999999999943,30.000000000000025,2.5000000000000355,7.499999999999986
University of Miami,30.000000000000057,29.999999999999943,29.99999999999997,2.4999999999999645,7.499999999999993
Moscow Institute of Physics and Technology (MIPT),29.99999999999997,30.0,30.000000000000014,2.5000000000000355,7.4999999999999645
Newcastle University,30.000000000000114,29.999999999999943,30.00000000000002,2.5000000000000036,7.500000000000007
University of Otago,30.0,29.999999999999886,29.999999999999993,2.499999999999986,7.499999999999993
University of Padua,29.999999999999915,30.000000000000142,30.000000000000007,2.4999999999999716,7.499999999999957
Paris-Sud University,29.999999999999886,30.0,30.000000000000007,2.5000000000000284,7.500000000000014
Queen’s University Belfast,30.00000000000003,29.99999999999983,30.000000000000014,2.499999999999986,7.499999999999993
RCSI University of Medicine and Health Sciences,30.0,30.0,29.99999999999999,2.4999999999999893,7.499999999999993
University of Reading,29.99999999999997,29.999999999999915,29.999999999999993,2.4999999999999574,7.500000000000028
St George’s,30.000000000000142,29.999999999999943,30.000000000000004,2.4999999999999716,7.499999999999972
University of South Florida (Tampa),29.999999999999915,30.000000000000085,30.00000000000001,2.500000000000013,7.499999999999989
Tilburg University,29.999999999999915,30.00000000000003,29.999999999999975,2.5000000000000213,7.499999999999943
University of Twente,30.0,29.999999999999943,29.99999999999999,2.5000000000000364,7.500000000000028
Ulsan National Institute of Science and Technology (UNIST),30.000000000000057,29.999999999999915,30.00000000000004,2.500000000000025,7.500000000000057
University College Dublin,30.000000000000043,29.99999999999997,29.999999999999986,2.5000000000000284,7.499999999999972
University of Utah,29.99999999999997,29.999999999999943,30.00000000000002,2.5,7.49999999999995
Virginia Polytechnic Institute and State University,29.999999999999943,30.0,29.999999999999986,2.5000000000000426,7.499999999999993
Vita-Salute San Raffaele University,30.0,30.000000000000114,29.99999999999997,2.4999999999999645,7.499999999999986
Vrije Universiteit Brussel,29.999999999999986,30.0,29.999999999999975,2.5000000000000533,7.499999999999979
Wake Forest University,29.99999999999997,30.000000000000114,30.0,2.5,7.499999999999943
University of Waterloo,29.99999999999992,30.0,29.99999999999995,2.500000000000071,7.499999999999929
Western University,30.000000000000085,29.999999999999886,30.00000000000002,2.500000000000014,7.500000000000028
William & Mary,29.999999999999957,30.000000000000085,30.00000000000002,2.499999999999986,7.499999999999972
University of Wollongong,30.0,30.0,30.0,2.5000000000000213,7.5000000000000355
Alfaisal University,30.000000000000057,29.99999999999997,29.999999999999886,2.500000000000046,7.500000000000007
Auckland University of Technology,29.99999999999997,30.0,30.000000000000007,2.5000000000000284,7.499999999999986
Autonomous University of Madrid,30.0,30.000000000000057,29.99999999999997,2.500000000000057,7.499999999999986
University of Bath,30.00000000000003,30.00000000000003,29.999999999999943,2.499999999999986,7.499999999999979
Brighton and Sussex Medical School,29.999999999999957,30.0,30.000000000000007,2.4999999999999716,7.4999999999999964
University at Buffalo,30.00000000000007,29.999999999999943,29.999999999999993,2.5000000000000284,7.500000000000007
University of California,30.000000000000057,29.999999999999943,29.99999999999997,2.5000000000000426,7.499999999999972
Chalmers University of Technology,30.000000000000057,29.999999999999915,29.999999999999947,2.4999999999999796,7.499999999999986
University of Cincinnati,29.999999999999957,30.0,30.000000000000014,2.500000000000064,7.4999999999999645
Curtin University,30.0000000000002,29.999999999999886,29.99999999999993,2.499999999999993,7.499999999999972
Dalhousie University,30.0,30.00000000000003,29.99999999999998,2.500000000000014,7.499999999999972
University of Delaware,29.99999999999997,30.000000000000057,29.999999999999982,2.500000000000007,7.4999999999999964
École des Ponts ParisTech,30.00000000000015,29.999999999999858,29.99999999999997,2.4999999999999964,7.500000000000007
University of Essex,30.00000000000003,30.00000000000003,30.000000000000043,2.5000000000000355,7.5000000000000355
Flinders University,30.000000000000057,30.0,30.000000000000018,2.500000000000057,7.499999999999986
Florida State University,30.00000000000017,29.999999999999943,29.99999999999995,2.500000000000014,7.4999999999999645
George Mason University,30.00000000000003,30.0,30.000000000000014,2.5000000000000284,7.5
Heriot-Watt University,30.000000000000057,29.99999999999997,29.99999999999998,2.499999999999986,7.499999999999995
HSE University,29.999999999999925,30.000000000000057,29.999999999999993,2.500000000000014,7.5
University of Illinois at Chicago,30.000000000000014,29.999999999999943,29.99999999999998,2.5000000000000213,7.499999999999993
University of Kiel,29.999999999999915,30.00000000000003,30.000000000000014,2.5000000000000284,7.499999999999993
La Trobe University,30.0,29.999999999999915,29.99999999999998,2.5000000000000497,7.5
Université Laval,29.999999999999886,30.000000000000057,30.000000000000036,2.5,7.499999999999957
Macau University of Science and Technology,29.999999999999886,30.0,30.000000000000036,2.5000000000000426,7.499999999999993
Medical University of Innsbruck,29.999999999999915,30.0,30.00000000000002,2.500000000000014,7.5
National University of Ireland,30.000000000000085,30.00000000000003,29.999999999999993,2.499999999999911,7.499999999999959
University of Navarra,29.99999999999997,30.00000000000003,29.999999999999996,2.5000000000000675,7.499999999999986
University of Oregon,30.000000000000142,29.999999999999943,29.99999999999995,2.5000000000000284,7.499999999999979
Oregon Health and Science University,29.999999999999773,30.000000000000114,29.99999999999999,2.500000000000057,7.499999999999957
University of Oulu,29.99999999999997,30.000000000000057,30.00000000000002,2.499999999999993,7.499999999999968
University of Passau,29.999999999999943,29.999999999999986,29.999999999999957,2.500000000000057,7.499999999999972
University of Potsdam,30.0,30.000000000000057,29.99999999999997,2.500000000000014,7.5
Queen’s University,29.9999999999999,30.00000000000003,30.00000000000002,2.500000000000009,7.499999999999979
Royal Holloway,30.000000000000142,29.999999999999943,30.000000000000007,2.499999999999993,7.500000000000028
Ruhr University Bochum,30.000000000000057,30.0,29.999999999999986,2.499999999999986,7.500000000000014
University of São Paulo,30.000000000000057,29.99999999999993,29.999999999999957,2.499999999999986,7.499999999999993
Sapienza University of Rome,30.000000000000014,30.00000000000003,29.99999999999998,2.500000000000007,7.5
Simon Fraser University,29.99999999999997,29.999999999999943,29.99999999999998,2.5000000000000284,7.499999999999986
University of South Australia,30.000000000000085,30.0,30.000000000000014,2.4999999999999747,7.499999999999979
University of Southern Denmark,29.999999999999886,30.000000000000057,30.00000000000002,2.500000000000089,7.499999999999993
Stellenbosch University,29.99999999999997,30.000000000000085,29.999999999999993,2.500000000000014,7.499999999999994
University of Stuttgart,30.000000000000142,29.999999999999943,29.999999999999993,2.49999999999997,7.500000000000007
Sun Yat-sen University,29.99999999999997,30.0,30.000000000000007,2.4999999999999325,7.499999999999989
University of Surrey,30.0000000000001,29.999999999999886,29.999999999999996,2.5000000000000426,7.500000000000021
Swansea University,30.0,30.0,29.99999999999997,2.5000000000000426,7.499999999999986
Syracuse University,30.0000000000002,30.0,29.99999999999999,2.499999999999968,7.499999999999992
Tampere University,30.000000000000043,30.00000000000003,30.00000000000005,2.5000000000000355,7.500000000000007
Technical University of Darmstadt,30.00000000000017,30.00000000000003,29.99999999999999,2.4999999999999147,7.499999999999972
Tohoku University,30.000000000000014,30.000000000000014,30.00000000000003,2.5000000000000018,7.499999999999986
Tokyo Institute of Technology,29.99999999999997,30.0,30.00000000000003,2.4999999999999822,7.4999999999999805
Western Sydney University,29.999999999999915,30.00000000000003,30.000000000000007,2.5,7.5
Aix-Marseille University,30.000000000000085,29.999999999999943,29.999999999999982,2.4999999999999716,7.499999999999997
Anglia Ruskin University ARU,30.00000000000017,29.99999999999997,29.999999999999982,2.5,7.4999999999999885
Beijing Normal University,29.999999999999957,30.000000000000156,30.000000000000043,2.4999999999999787,7.499999999999993
Boston College,29.999999999999915,30.00000000000002,30.00000000000001,2.5000000000000195,7.4999999999999964
University of Canterbury,30.00000000000002,30.0,30.000000000000043,2.499999999999975,7.499999999999993
Colorado School of Mines,29.999999999999957,29.999999999999858,30.000000000000014,2.500000000000023,7.500000000000025
Cyprus University of Technology,30.000000000000096,29.999999999999858,30.000000000000004,2.5000000000000213,7.499999999999977
Deakin University,30.000000000000014,30.000000000000014,30.00000000000001,2.4999999999999503,7.4999999999999964
University of Fribourg,30.000000000000085,29.999999999999908,29.999999999999996,2.500000000000057,7.500000000000014
Goethe University Frankfurt,30.00000000000003,29.999999999999975,30.0,2.5,7.499999999999979
Grenoble Alpes University,30.0000000000001,30.000000000000085,30.000000000000007,2.499999999999943,7.4999999999999725
Huazhong University of Science and Technology,30.000000000000064,29.99999999999997,29.999999999999964,2.5000000000000213,7.499999999999988
Indian Institute of Science,30.000000000000114,29.99999999999997,30.00000000000003,2.4999999999999893,7.499999999999975
Indian Institute of Technology Ropar,30.00000000000016,29.9999999999999,29.999999999999986,2.500000000000014,7.499999999999993
Jacobs University,30.00000000000001,29.999999999999986,29.999999999999996,2.500000000000046,7.499999999999957
Johannes Gutenberg University of Mainz,30.00000000000007,30.000000000000107,30.000000000000036,2.4999999999999005,7.49999999999995
University of Klagenfurt,29.99999999999994,30.000000000000114,30.000000000000014,2.500000000000014,7.499999999999987
Kyung Hee University,30.000000000000085,30.0,29.999999999999986,2.4999999999999503,7.5
University of Liège,29.99999999999995,30.0,29.999999999999993,2.499999999999986,7.499999999999964
University of Macau,30.000000000000085,30.000000000000036,29.999999999999975,2.499999999999986,7.50000000000005
University of Malaya,29.999999999999986,29.999999999999986,30.00000000000003,2.5000000000000213,7.500000000000013
University of Marburg,29.999999999999872,30.000000000000078,30.000000000000025,2.4999999999999716,7.499999999999975
Maynooth University,30.000000000000014,29.999999999999943,30.00000000000002,2.5000000000000746,7.500000000000002
University of Milan,30.00000000000005,29.99999999999998,29.999999999999986,2.5000000000000266,7.500000000000007
Montpellier University,30.000000000000078,29.999999999999957,30.000000000000046,2.499999999999872,7.499999999999947
Nagoya University,29.999999999999986,29.999999999999957,30.00000000000001,2.499999999999968,7.5
University of Newcastle,29.999999999999943,30.000000000000025,30.000000000000014,2.499999999999986,7.49999999999995
University of New Mexico (Main campus),30.0,29.999999999999986,29.99999999999997,2.5000000000000098,7.500000000000007
North Carolina State University,29.99999999999993,29.999999999999975,30.000000000000014,2.5000000000000284,7.500000000000021
Nova Southeastern University,29.999999999999872,30.000000000000085,30.00000000000001,2.4999999999999645,7.4999999999999964
Osaka University,30.00000000000006,29.999999999999815,30.000000000000007,2.500000000000071,7.499999999999972
Politecnico di Milano,30.000000000000075,30.000000000000114,29.999999999999993,2.499999999999922,7.4999999999999645
Reykjavík University,30.000000000000068,30.000000000000114,30.000000000000007,2.4999999999999556,7.499999999999972
Rush University,30.00000000000011,30.000000000000014,30.0,2.5,7.499999999999986
Southern University of Science and Technology (SUSTech),30.00000000000006,29.9999999999999,30.000000000000014,2.500000000000014,7.500000000000014
Stony Brook University,29.99999999999997,29.99999999999993,29.999999999999968,2.500000000000014,7.499999999999993
Swedish University of Agricultural Sciences,30.00000000000003,29.999999999999815,30.00000000000002,2.5000000000000355,7.500000000000014
University of Tartu,30.000000000000014,29.999999999999986,29.999999999999986,2.4999999999999787,7.499999999999988
University of Tasmania,30.000000000000043,29.999999999999872,29.999999999999982,2.5000000000000355,7.499999999999975
Temple University,30.00000000000003,29.999999999999922,29.999999999999986,2.5,7.500000000000021
The University of Tennessee-Knoxville,30.00000000000011,29.9999999999999,29.999999999999993,2.499999999999961,7.499999999999979
University of Texas at Dallas,29.999999999999922,30.000000000000064,30.000000000000007,2.499999999999986,7.499999999999993
University of Trento,29.999999999999943,30.0,29.999999999999996,2.5,7.499999999999993
Tulane University,29.999999999999943,30.000000000000057,29.99999999999998,2.5000000000000426,7.49999999999999
Umeå University,30.000000000000007,29.999999999999883,30.000000000000036,2.5000000000000426,7.5
United Arab Emirates University,29.999999999999986,30.000000000000064,30.000000000000032,2.499999999999986,7.49999999999995
Università della Svizzera Italiana,29.999999999999996,29.999999999999943,30.000000000000036,2.500000000000007,7.499999999999968
University College Cork,29.99999999999993,30.0000000000002,29.99999999999997,2.4999999999999645,7.499999999999968
Victoria University,29.999999999999908,30.00000000000007,30.000000000000007,2.4999999999999885,7.499999999999993
University of Alaska Fairbanks,30.00000000000007,29.999999999999915,30.000000000000036,2.5,7.499999999999956
American University of Beirut,30.000000000000053,30.000000000000014,29.999999999999993,2.5000000000000213,7.499999999999979
Australian Catholic University,30.00000000000001,29.999999999999915,30.00000000000002,2.500000000000057,7.500000000000011
Babol Noshirvani University of Technology,30.000000000000085,30.000000000000064,29.999999999999964,2.4999999999999716,7.500000000000011
University of Bayreuth,30.000000000000227,29.9999999999998,29.99999999999997,2.500000000000062,7.5000000000000195
Birkbeck,29.99999999999997,30.00000000000003,29.999999999999996,2.5000000000000426,7.499999999999986
University of Bremen,30.00000000000009,29.9999999999999,29.999999999999975,2.5000000000000213,7.499999999999979
Brunel University London,30.000000000000156,29.999999999999766,30.000000000000007,2.5000000000001137,7.499999999999993
University of California,29.999999999999996,30.000000000000234,29.999999999999968,2.499999999999951,7.4999999999999645
Catholic University of Portugal,30.00000000000002,29.999999999999982,29.999999999999986,2.500000000000057,7.5
