university_name,teaching,research,citations,income,international
University of Oxford,30.0,29.999999999996362,30.000000000000455,2.5,7.500000000000455
California Institute of Technology,30.000000000000114,30.0,30.000000000000114,2.499999999999986,7.499999999999986
University of Cambridge,29.999999999999886,30.000000000000455,29.999999999999886,2.5,7.500000000000071
Stanford University,30.000000000000114,30.0,30.0,2.5000000000000284,7.49999999999995
Massachusetts Institute of Technology,30.000000000000057,29.999999999999773,29.999999999999943,2.5000000000000426,7.499999999999929
Princeton University,29.999999999999886,30.000000000000227,30.00000000000017,2.5,7.499999999999957
Harvard University,29.999999999999886,30.000000000000227,29.999999999999943,2.4999999999999716,7.500000000000007
Yale University,29.999999999999886,30.0,29.999999999999886,2.499999999999943,7.50000000000005
The University of Chicago,29.999999999999943,30.000000000000455,29.999999999999943,2.4999999999999147,7.499999999999957
Imperial College London,29.999999999999886,30.000000000000227,29.999999999999943,2.499999999999943,7.5
University of Pennsylvania,29.999999999999943,30.000000000000227,29.999999999999943,2.499999999999929,7.499999999999947
Johns Hopkins University,29.999999999999886,30.0,30.0,2.499999999999929,7.49999999999995
University of California,29.999999999999844,30.000000000000238,30.000000000000156,2.4999999999999596,7.4999999999999645
ETH Zurich,29.999999999999787,30.000000000000156,29.99999999999994,2.499999999999963,7.500000000000013
UCL,30.00000000000009,29.999999999999872,30.00000000000001,2.5000000000000395,7.499999999999992
Columbia University,30.00000000000023,29.999999999999787,30.00000000000001,2.5000000000000613,7.500000000000065
University of California,30.000000000000057,30.000000000000114,30.000000000000057,2.500000000000014,7.4999999999999964
University of Toronto,30.000000000000057,30.0,30.0,2.4999999999999787,7.499999999999984
Cornell University,30.000000000000057,29.999999999999886,29.99999999999997,2.5000000000000497,7.499999999999973
Duke University,30.000000000000043,29.999999999999986,29.999999999999936,2.4999999999999742,7.5000000000000355
University of Michigan-Ann Arbor,30.000000000000398,29.999999999999602,30.000000000000156,2.500000000000014,7.499999999999947
Northwestern University,30.000000000000057,29.99999999999983,30.00000000000022,2.4999999999999574,7.499999999999947
Tsinghua University,29.999999999999886,30.00000000000017,29.999999999999943,2.4999999999999787,7.49999999999998
Peking University,30.0,30.00000000000017,29.999999999999943,2.5000000000000178,7.49999999999998
National University of Singapore,30.00000000000017,29.999999999999773,30.000000000000114,2.500000000000014,7.49999999999994
University of Washington,30.000000000000057,29.999999999999886,30.000000000000014,2.499999999999936,7.499999999999975
Carnegie Mellon University,30.000000000000114,29.999999999999886,30.000000000000057,2.499999999999986,7.499999999999984
London School of Economics and Political Science,30.0,30.0,30.000000000000114,2.499999999999993,7.499999999999967
New York University,29.999999999999886,30.00000000000017,29.999999999999957,2.499999999999801,7.500000000000039
University of Edinburgh,30.000000000000057,29.999999999999886,30.000000000000092,2.500000000000014,7.499999999999955
University of California,30.0,30.0,29.999999999999886,2.500000000000057,7.499999999999972
LMU Munich,30.0,30.000000000000227,30.0,2.500000000000014,7.499999999999993
University of Melbourne,29.99999999999983,30.00000000000034,30.0,2.5,7.499999999999957
University of British Columbia,30.000000000000114,30.0,30.000000000000057,2.499999999999986,7.500000000000014
University of Hong Kong,29.999999999999886,30.000000000000114,29.999999999999943,2.5000000000000036,7.4999999999999725
King’s College London,29.9999999999998,30.00000000000034,29.999999999999943,2.500000000000014,7.4999999999999005
The University of Tokyo,30.000000000000114,29.999999999999773,30.000000000000114,2.499999999999986,7.500000000000011
École Polytechnique Fédérale de Lausanne,30.0,30.000000000000227,29.999999999999773,2.5000000000000284,7.500000000000014
Georgia Institute of Technology,30.000000000000057,30.0,30.000000000000057,2.5000000000000284,7.499999999999972
University of Texas at Austin,30.000000000000114,29.999999999999773,30.000000000000057,2.5000000000000284,7.500000000000009
Karolinska Institute,30.00000000000017,29.999999999999886,29.999999999999943,2.500000000000057,7.499999999999972
McGill University,30.000000000000057,30.0,30.000000000000114,2.4999999999999716,7.500000000000028
Technical University of Munich,30.000000000000114,29.999999999999886,30.000000000000114,2.499999999999943,7.499999999999957
Heidelberg University,29.999999999999957,29.999999999999993,30.000000000000085,2.5000000000000355,7.49999999999995
KU Leuven,29.999999999999886,30.000000000000227,30.000000000000057,2.5000000000000107,7.500000000000014
Paris Sciences et Lettres – PSL Research University Paris,30.00000000000017,29.999999999999773,30.000000000000057,2.500000000000071,7.500000000000028
The Hong Kong University of Science and Technology,30.000000000000057,30.0,29.99999999999983,2.5000000000001137,7.500000000000043
University of Illinois at Urbana-Champaign,29.999999999999858,30.0,30.0,2.5000000000000426,7.49999999999995
Nanyang Technological University,29.999999999999943,29.999999999999943,30.000000000000114,2.5000000000000284,7.499999999999968
Australian National University,30.000000000000014,29.999999999999943,29.999999999999943,2.500000000000071,7.500000000000028
University of Wisconsin-Madison,30.0,30.0,29.999999999999915,2.5000000000000284,7.500000000000043
Washington University in St Louis,30.000000000000128,29.999999999999858,29.99999999999997,2.500000000000014,7.499999999999972
Brown University,30.000000000000092,29.999999999999915,29.999999999999986,2.4999999999999822,7.5
University of North Carolina at Chapel Hill,30.000000000000142,29.99999999999983,29.999999999999858,2.499999999999993,7.499999999999929
University of California,30.00000000000007,29.999999999999993,29.999999999999943,2.5000000000000426,7.499999999999979
University of Manchester,29.999999999999787,30.000000000000085,30.000000000000114,2.4999999999998863,7.499999999999943
University of California,30.000000000000114,30.000000000000014,29.9999999999999,2.5000000000000675,7.500000000000078
Chinese University of Hong Kong,30.000000000000043,29.999999999999947,29.999999999999886,2.5,7.499999999999961
Wageningen University & Research,30.000000000000057,29.99999999999993,29.99999999999983,2.5000000000000213,7.499999999999945
University of Sydney,30.000000000000142,29.999999999999975,29.999999999999957,2.500000000000025,7.500000000000015
Boston University,30.00000000000003,30.00000000000005,29.999999999999943,2.5000000000000497,7.499999999999943
University of Amsterdam,30.00000000000003,29.999999999999915,30.000000000000036,2.5000000000000284,7.499999999999986
University of Southern California,30.00000000000003,30.000000000000018,29.999999999999915,2.499999999999986,7.499999999999972
Seoul National University,29.999999999999886,30.000000000000135,29.99999999999997,2.5000000000000853,7.499999999999982
Kyoto University,29.999999999999986,30.00000000000003,29.99999999999993,2.500000000000071,7.4999999999999964
The University of Queensland,30.000000000000142,30.00000000000003,29.999999999999773,2.4999999999998828,7.500000000000265
Delft University of Technology,30.000000000000057,29.999999999999986,29.99999999999997,2.500000000000064,7.499999999999979
Leiden University,30.000000000000057,29.999999999999932,29.999999999999915,2.5000000000000426,7.500000000000014
Erasmus University Rotterdam,30.000000000000064,29.999999999999915,29.999999999999872,2.5000000000000853,7.499999999999993
Ohio State University (Main campus),30.000000000000085,30.000000000000043,29.999999999999986,2.500000000000057,7.499999999999972
UNSW Sydney,30.000000000000085,30.000000000000014,30.000000000000043,2.4999999999999822,7.499999999999977
McMaster University,29.999999999999858,30.000000000000057,29.999999999999943,2.4999999999999645,7.499999999999956
University of Groningen,29.99999999999997,29.999999999999993,29.9999999999999,2.500000000000089,7.499999999999993
Humboldt University of Berlin,30.000000000000085,29.999999999999893,29.999999999999872,2.5000000000000355,7.5000000000000355
Monash University,30.0,30.0,29.9999999999999,2.5000000000000426,7.499999999999957
Utrecht University,29.999999999999886,29.99999999999995,30.000000000000036,2.5000000000000355,7.499999999999996
University of Warwick,29.99999999999997,30.000000000000114,29.999999999999915,2.4999999999999716,7.499999999999979
Penn State (Main campus),30.000000000000057,29.999999999999993,29.9999999999999,2.5000000000000426,7.500000000000025
University of Minnesota,30.000000000000114,29.999999999999943,29.999999999999943,2.5,7.500000000000037
Charité - Universitätsmedizin Berlin,30.000000000000057,29.99999999999993,29.99999999999993,2.5000000000000497,7.500000000000011
Emory University,30.0,29.99999999999997,29.999999999999943,2.5000000000000284,7.499999999999986
University of Science and Technology of China,30.0,30.00000000000007,29.99999999999997,2.4999999999999716,7.499999999999943
Sorbonne University,29.999999999999915,29.99999999999998,29.999999999999986,2.5000000000000355,7.500000000000011
Michigan State University,29.999999999999943,30.00000000000003,29.99999999999997,2.500000000000007,7.500000000000007
University of Montreal,30.000000000000043,29.999999999999957,29.99999999999993,2.500000000000014,7.499999999999975
University of Freiburg,30.00000000000003,30.000000000000007,29.999999999999986,2.499999999999975,7.500000000000007
University of Bristol,30.00000000000002,30.000000000000014,29.999999999999922,2.4999999999999716,7.49999999999995
Purdue University West Lafayette,30.00000000000003,29.999999999999986,29.999999999999947,2.4999999999999503,7.499999999999936
Sungkyunkwan University (SKKU),30.0000000000001,29.99999999999997,29.999999999999986,2.5000000000000497,7.5
University of Zurich,29.999999999999872,30.000000000000092,30.0,2.5000000000000284,7.4999999999999645
University of Maryland,30.000000000000043,29.99999999999997,29.99999999999992,2.5000000000000284,7.4999999999999645
University of Tübingen,29.999999999999915,30.000000000000114,29.999999999999986,2.5000000000000213,7.49999999999995
École Polytechnique,29.999999999999957,30.00000000000009,29.99999999999997,2.499999999999993,7.499999999999972
University of Basel,30.0,29.99999999999992,29.999999999999993,2.499999999999993,7.499999999999986
Dartmouth College,30.00000000000007,29.999999999999844,29.99999999999985,2.4999999999998863,7.4999999999999005
University of California,30.000000000000075,29.9999999999999,29.999999999999876,2.4999999999999716,7.49999999999995
University of Helsinki,30.000000000000078,30.00000000000003,29.99999999999995,2.4999999999999716,7.499999999999986
Lund University,29.999999999999957,30.000000000000043,30.000000000000036,2.500000000000007,7.4999999999999964
University of Glasgow,30.000000000000064,29.9999999999999,29.99999999999991,2.500000000000057,7.499999999999995
RWTH Aachen University,29.999999999999943,30.000000000000043,29.999999999999922,2.4999999999999787,7.5000000000000036
University of Copenhagen,30.000000000000043,30.0,29.999999999999993,2.5,7.499999999999953
Georgetown University,29.999999999999943,29.99999999999999,29.999999999999986,2.5000000000000426,7.500000000000024
Uppsala University,30.00000000000017,29.99999999999993,29.999999999999922,2.4999999999999503,7.500000000000053
University of Arizona,30.00000000000002,30.000000000000057,29.999999999999964,2.5,7.499999999999983
University of Bonn,30.000000000000057,30.00000000000005,29.999999999999968,2.4999999999999716,7.499999999999975
Rice University,30.00000000000005,29.9999999999999,29.999999999999886,2.499999999999929,7.500000000000004
University of Virginia (Main campus),29.99999999999999,30.00000000000005,29.99999999999998,2.5,7.499999999999949
Zhejiang University,29.99999999999994,30.000000000000014,29.999999999999986,2.5000000000000426,7.499999999999988
Fudan University,29.99999999999998,30.000000000000014,29.999999999999996,2.500000000000014,7.500000000000037
Korea Advanced Institute of Science and Technology (KAIST),30.000000000000025,29.999999999999943,30.0,2.500000000000014,7.500000000000013
Queen Mary University of London,30.000000000000025,30.000000000000064,29.999999999999968,2.499999999999986,7.499999999999997
University of Birmingham,29.99999999999993,30.000000000000085,29.999999999999986,2.4999999999999716,7.499999999999977
University of Bern,29.999999999999947,30.000000000000078,29.99999999999996,2.5000000000000497,7.499999999999993
University of Pittsburgh-Pittsburgh campus,30.00000000000006,29.999999999999872,29.99999999999997,2.5,7.500000000000022
Aarhus University,29.99999999999998,30.000000000000128,30.00000000000003,2.5,7.499999999999989
Vanderbilt University,29.999999999999954,30.000000000000085,29.99999999999999,2.5000000000000426,7.499999999999995
Free University of Berlin,29.999999999999968,29.99999999999998,30.00000000000003,2.5,7.49999999999997
University of Sheffield,30.000000000000128,29.999999999999964,29.999999999999925,2.5000000000000284,7.500000000000047
Case Western Reserve University,29.999999999999844,30.000000000000107,30.0,2.499999999999929,7.500000000000033
University of Adelaide,29.99999999999995,29.999999999999964,29.99999999999999,2.5,7.499999999999979
National Taiwan University (NTU),30.000000000000032,29.999999999999943,30.00000000000002,2.5000000000000284,7.500000000000002
University of Southampton,30.000000000000163,29.99999999999997,29.999999999999936,2.5,7.500000000000033
Ghent University,29.99999999999998,29.99999999999997,29.999999999999982,2.5000000000000213,7.500000000000016
University of Colorado Boulder,29.999999999999932,30.00000000000007,29.99999999999995,2.500000000000071,7.499999999999934
University of Göttingen,29.99999999999991,30.00000000000002,29.999999999999936,2.5000000000000284,7.499999999999984
City University of Hong Kong,30.000000000000085,29.99999999999998,29.99999999999996,2.5,7.500000000000032
Maastricht University,29.99999999999995,30.0000000000001,29.999999999999947,2.499999999999936,7.499999999999972
Radboud University Nijmegen,30.0000000000001,30.00000000000003,29.999999999999947,2.500000000000014,7.500000000000014
University of York,30.00000000000007,29.999999999999964,29.99999999999995,2.500000000000014,7.500000000000014
University of Paris,30.000000000000078,29.999999999999893,29.999999999999876,2.4999999999999574,7.499999999999922
University of Oslo,29.99999999999998,30.000000000000036,30.0,2.4999999999999574,7.499999999999963
The University of Western Australia,30.000000000000107,29.99999999999993,29.999999999999915,2.4999999999999716,7.500000000000052
Durham University,29.99999999999994,30.000000000000085,29.999999999999964,2.5,7.500000000000005
Indiana University,29.999999999999915,30.00000000000017,29.999999999999982,2.5,7.499999999999943
University of Vienna,29.99999999999997,30.000000000000057,29.999999999999964,2.499999999999929,7.4999999999999645
University of Alberta,29.99999999999983,30.000000000000014,30.0,2.4999999999999716,7.5
University of Cape Town,29.999999999999915,30.00000000000017,30.00000000000003,2.500000000000007,7.499999999999986
Vrije Universiteit Amsterdam,30.000000000000085,29.99999999999994,30.000000000000014,2.500000000000071,7.499999999999979
Lancaster University,29.999999999999915,30.0,30.0,2.4999999999999787,7.500000000000014
Tufts University,29.99999999999997,30.000000000000043,29.999999999999936,2.4999999999999787,7.499999999999986
University of Ottawa,29.999999999999915,29.999999999999986,30.000000000000107,2.4999999999998863,7.500000000000057
Ulm University,29.999999999999915,29.999999999999943,29.999999999999943,2.4999999999999485,7.499999999999943
Pompeu Fabra University,30.000000000000057,30.0,29.999999999999936,2.5,7.5
University of Geneva,30.000000000000057,29.999999999999957,29.999999999999986,2.4999999999999787,7.499999999999986
Nanjing University,29.999999999999943,29.999999999999986,29.999999999999993,2.5000000000000853,7.499999999999986
University of Exeter,29.999999999999943,30.000000000000057,29.999999999999993,2.5000000000000213,7.5
Pohang University of Science and Technology (POSTECH),30.000000000000014,30.00000000000001,29.99999999999993,2.500000000000046,7.5000000000000036
University of Sussex,29.999999999999943,29.999999999999858,30.000000000000036,2.500000000000007,7.500000000000014
University of Hamburg,30.00000000000003,29.99999999999981,30.00000000000007,2.5000000000000355,7.500000000000021
Sant’Anna School of Advanced Studies – Pisa,30.000000000000057,29.999999999999886,29.99999999999989,2.500000000000128,7.5
Technical University of Berlin,30.00000000000003,29.999999999999964,30.00000000000003,2.4999999999999716,7.500000000000014
Université Catholique de Louvain,30.0,30.0000000000002,29.999999999999993,2.499999999999986,7.499999999999915
University of Nottingham,30.000000000000114,29.999999999999943,30.000000000000036,2.499999999999922,7.500000000000057
Scuola Normale Superiore di Pisa,30.0,29.9999999999999,30.000000000000057,2.5000000000000213,7.500000000000043
Arizona State University (Tempe),30.00000000000003,29.99999999999992,29.99999999999985,2.5000000000001137,7.500000000000057
University of Leeds,29.99999999999997,30.000000000000043,29.999999999999957,2.4999999999999716,7.499999999999972
Autonomous University of Barcelona,30.0,30.000000000000057,30.000000000000057,2.499999999999936,7.499999999999943
University of Cologne,29.999999999999886,30.00000000000017,29.99999999999997,2.500000000000014,7.5
University of Mannheim,29.99999999999997,30.000000000000057,30.000000000000057,2.499999999999986,7.499999999999972
University of Notre Dame,30.00000000000003,30.000000000000057,29.999999999999915,2.5000000000000284,7.500000000000028
Shanghai Jiao Tong University,30.000000000000057,29.999999999999886,30.0,2.5,7.500000000000057
TU Dresden,29.99999999999993,30.00000000000003,30.000000000000036,2.5000000000000924,7.499999999999957
University of Würzburg,29.999999999999943,29.99999999999997,30.000000000000085,2.5,7.499999999999957
Trinity College Dublin,30.000000000000057,30.00000000000003,29.999999999999943,2.5000000000000355,7.500000000000014
University of Liverpool,30.0,29.999999999999886,30.00000000000003,2.5,7.500000000000028
Bielefeld University,30.00000000000007,29.999999999999993,30.000000000000078,2.5000000000000107,7.49999999999995
University of Leicester,30.0,30.0,30.000000000000043,2.499999999999986,7.499999999999972
University of Aberdeen,29.999999999999886,30.00000000000003,30.000000000000014,2.5000000000000355,7.499999999999972
University of Bologna,30.000000000000057,30.00000000000003,30.00000000000003,2.5000000000000284,7.500000000000028
Rutgers,30.0,30.000000000000057,30.000000000000057,2.500000000000014,7.499999999999972
Hong Kong Polytechnic University,29.999999999999943,30.00000000000003,30.00000000000003,2.499999999999865,7.500000000000014
University of Alabama at Birmingham,30.0,30.0,29.999999999999964,2.5000000000000293,7.499999999999972
Northeastern University,29.999999999999886,30.0,29.99999999999997,2.499999999999922,7.5
University of Rochester,30.000000000000057,29.999999999999943,29.999999999999915,2.5000000000000355,7.500000000000028
University of Florida,30.0,30.00000000000003,29.999999999999943,2.5000000000000213,7.499999999999957
Karlsruhe Institute of Technology,30.000000000000057,29.999999999999943,29.999999999999943,2.4999999999999574,7.499999999999929
Stockholm University,29.999999999999943,30.000000000000043,29.999999999999943,2.4999999999999147,7.500000000000014
Texas A&M University,29.999999999999943,30.000000000000085,30.000000000000014,2.5,7.5
University of Auckland,29.99999999999998,30.00000000000003,29.999999999999996,2.5000000000000284,7.5
University of California,30.00000000000003,30.0,29.999999999999986,2.4999999999999734,7.499999999999986
Korea University,30.000000000000057,30.000000000000007,29.999999999999993,2.499999999999961,7.499999999999972
Queensland University of Technology,29.99999999999993,30.00000000000007,30.0,2.5000000000000266,7.499999999999993
University of Erlangen-Nuremberg,29.99999999999997,29.999999999999915,30.000000000000036,2.499999999999986,7.499999999999972
Aalto University,29.9999999999999,29.99999999999995,29.999999999999968,2.5000000000000178,7.500000000000028
Technical University of Denmark,29.99999999999997,30.000000000000032,30.00000000000002,2.500000000000023,7.500000000000014
Eindhoven University of Technology,30.0,29.999999999999936,30.000000000000014,2.500000000000096,7.499999999999986
University of Gothenburg,30.00000000000003,30.0,30.00000000000001,2.4999999999999964,7.500000000000007
Télécom Paris,30.000000000000014,30.0,30.000000000000018,2.4999999999999716,7.499999999999957
Lomonosov Moscow State University,30.000000000000078,30.000000000000043,30.000000000000046,2.5,7.5
University of Münster,29.999999999999986,30.000000000000014,29.999999999999996,2.4999999999999645,7.500000000000025
Tel Aviv University,30.00000000000003,29.999999999999872,30.000000000000007,2.5000000000000426,7.4999999999999645
University of East Anglia,30.00000000000007,29.999999999999858,30.00000000000002,2.5000000000000426,7.500000000000028
University of Canberra,29.99999999999993,30.000000000000227,29.999999999999982,2.4999999999999574,7.499999999999986
University of Duisburg-Essen,29.999999999999986,29.99999999999997,30.000000000000004,2.500000000000014,7.5
University of Technology Sydney,30.000000000000014,29.999999999999858,30.000000000000004,2.5000000000000426,7.499999999999972
University of the Witwatersrand,30.000000000000085,29.999999999999943,30.000000000000014,2.5000000000000426,7.499999999999957
Yonsei University (Seoul campus),30.000000000000078,29.999999999999858,30.0,2.500000000000057,7.4999999999999645
University of Antwerp,29.99999999999997,30.00000000000003,30.00000000000002,2.5000000000000426,7.500000000000028
Cardiff University,29.999999999999858,30.000000000000334,29.999999999999996,2.4999999999999574,7.500000000000071
George Washington University,30.0,30.00000000000005,30.000000000000036,2.4999999999999964,7.49999999999995
University of Lausanne,29.999999999999986,30.00000000000017,30.000000000000018,2.5,7.5
University of St Andrews,30.000000000000057,29.999999999999922,29.99999999999997,2.499999999999943,7.499999999999986
Aalborg University,29.999999999999957,30.000000000000117,30.0,2.499999999999943,7.500000000000014
University of Barcelona,30.000000000000085,30.00000000000003,29.999999999999957,2.500000000000014,7.5
University of Bergen,29.99999999999993,29.99999999999997,30.000000000000007,2.5,7.499999999999986
Brandeis University,29.999999999999915,30.0,30.000000000000064,2.4999999999999485,7.500000000000021
University of Calgary,29.999999999999986,29.99999999999997,29.999999999999982,2.5000000000001137,7.5000000000000355
Copenhagen Business School,30.000000000000213,29.999999999999915,29.999999999999936,2.5000000000000817,7.500000000000009
University of Dundee,30.0,30.000000000000135,30.000000000000032,2.4999999999999716,7.499999999999929
École Normale Supérieure de Lyon,30.00000000000002,29.999999999999993,30.000000000000057,2.4999999999999716,7.499999999999986
Griffith University,30.000000000000014,29.999999999999986,30.000000000000043,2.500000000000023,7.4999999999999964
University of Hawai’i at Mānoa,29.999999999999922,29.999999999999968,30.0,2.499999999999993,7.499999999999989
Hebrew University of Jerusalem,29.999999999999893,30.000000000000064,30.00000000000005,2.5,7.4999999999999964
University of Hohenheim,30.0,29.9999999999999,30.000000000000007,2.500000000000014,7.500000000000007
Howard University,29.999999999999858,30.000000000000014,30.00000000000007,2.499999999999986,7.500000000000007
University of Iowa,30.0,30.00000000000003,29.999999999999986,2.5,7.499999999999972
James Cook University,30.000000000000057,30.00000000000003,30.00000000000002,2.499999999999991,7.500000000000043
King Abdulaziz University,29.99999999999997,30.000000000000068,29.999999999999964,2.499999999999993,7.500000000000002
University of Konstanz,29.999999999999922,30.00000000000003,30.00000000000011,2.499999999999986,7.500000000000007
KTH Royal Institute of Technology,29.999999999999957,29.99999999999997,30.000000000000014,2.5000000000000284,7.499999999999986
Université Libre de Bruxelles,29.999999999999943,29.99999999999999,29.999999999999968,2.4999999999999574,7.499999999999984
University of Luxembourg,30.0,30.000000000000007,30.00000000000001,2.5,7.500000000000014
Macquarie University,29.999999999999943,30.000000000000163,29.999999999999968,2.499999999999993,7.5
University of Massachusetts,29.999999999999943,30.00000000000007,30.000000000000014,2.4999999999999574,7.500000000000014
Medical University of Graz,29.99999999999993,30.00000000000007,30.00000000000003,2.5000000000000426,7.499999999999993
Medical University of Vienna,29.999999999999943,30.000000000000142,30.000000000000014,2.4999999999999574,7.5
University of Miami,29.999999999999986,30.000000000000114,29.99999999999994,2.5000000000000284,7.4999999999999645
Moscow Institute of Physics and Technology (MIPT),29.999999999999993,29.999999999999943,30.000000000000043,2.499999999999986,7.500000000000018
Newcastle University,29.99999999999993,30.00000000000002,30.000000000000046,2.499999999999986,7.500000000000014
University of Otago,30.000000000000014,30.000000000000043,29.99999999999997,2.5,7.499999999999972
University of Padua,30.000000000000014,30.000000000000057,29.999999999999975,2.49999999999996,7.500000000000014
Paris-Sud University,29.999999999999815,29.999999999999986,30.00000000000002,2.5000000000000213,7.499999999999993
Queen’s University Belfast,29.99999999999993,29.999999999999993,29.99999999999998,2.5000000000000213,7.500000000000043
RCSI University of Medicine and Health Sciences,30.00000000000005,29.99999999999997,29.999999999999964,2.5000000000000284,7.500000000000007
University of Reading,29.999999999999858,30.00000000000002,30.000000000000043,2.500000000000007,7.500000000000009
St George’s,29.9999999999999,30.0,29.99999999999998,2.4999999999999822,7.500000000000037
University of South Florida (Tampa),30.0,30.0000000000001,30.00000000000003,2.4999999999999787,7.5
Tilburg University,29.99999999999983,29.99999999999997,30.000000000000032,2.500000000000014,7.500000000000028
University of Twente,30.000000000000043,30.000000000000014,29.999999999999986,2.4999999999999805,7.500000000000023
Ulsan National Institute of Science and Technology (UNIST),30.0,29.99999999999998,30.000000000000036,2.4999999999999716,7.499999999999957
University College Dublin,29.999999999999986,30.000000000000014,30.000000000000007,2.500000000000032,7.500000000000021
University of Utah,30.00000000000003,30.000000000000025,29.99999999999998,2.5,7.5000000000000115
Virginia Polytechnic Institute and State University,30.000000000000014,30.000000000000156,29.99999999999998,2.500000000000016,7.4999999999999964
Vita-Salute San Raffaele University,29.99999999999993,30.000000000000057,30.00000000000005,2.5,7.499999999999986
Vrije Universiteit Brussel,29.999999999999986,29.999999999999908,30.000000000000004,2.500000000000014,7.50000000000002
Wake Forest University,29.999999999999943,30.000000000000085,30.000000000000004,2.4999999999999787,7.500000000000021
University of Waterloo,29.99999999999993,30.000000000000043,30.000000000000004,2.5000000000000213,7.499999999999989
Western University,29.9999999999999,30.000000000000085,30.000000000000018,2.5,7.499999999999993
William & Mary,29.999999999999943,30.00000000000002,30.000000000000014,2.4999999999999716,7.49999999999999
University of Wollongong,29.9999999999999,30.00000000000007,30.00000000000002,2.499999999999986,7.499999999999926
Alfaisal University,30.0,30.0,29.999999999999996,2.499999999999993,7.499999999999986
Auckland University of Technology,30.0,29.99999999999997,30.00000000000001,2.5000000000000586,7.49999999999995
Autonomous University of Madrid,30.00000000000017,29.999999999999943,29.999999999999993,2.4999999999999836,7.5
University of Bath,30.00000000000007,29.999999999999943,29.999999999999932,2.5000000000000018,7.500000000000072
Brighton and Sussex Medical School,30.0,30.0,29.99999999999999,2.499999999999993,7.499999999999986
University at Buffalo,30.000000000000142,29.999999999999943,29.999999999999968,2.4999999999999982,7.500000000000092
University of California,30.000000000000114,29.999999999999943,29.999999999999957,2.500000000000006,7.500000000000007
Chalmers University of Technology,30.000000000000085,29.99999999999983,29.999999999999993,2.5,7.500000000000043
University of Cincinnati,30.000000000000057,29.999999999999943,29.999999999999993,2.5000000000000107,7.5
Curtin University,30.0,29.99999999999997,29.99999999999997,2.500000000000032,7.500000000000007
Dalhousie University,30.00000000000012,30.000000000000036,29.99999999999986,2.5000000000000426,7.499999999999986
University of Delaware,29.999999999999886,30.000000000000114,30.0,2.4999999999999574,7.499999999999986
École des Ponts ParisTech,30.000000000000057,30.00000000000002,29.999999999999982,2.500000000000007,7.500000000000007
University of Essex,30.000000000000107,29.99999999999993,29.999999999999975,2.5000000000000266,7.499999999999986
Flinders University,30.0000000000001,29.999999999999943,29.999999999999957,2.5000000000000284,7.499999999999993
Florida State University,30.000000000000128,30.00000000000003,29.99999999999997,2.4999999999999574,7.499999999999975
George Mason University,30.0,30.000000000000114,30.000000000000092,2.4999999999999964,7.499999999999787
Heriot-Watt University,30.000000000000057,30.000000000000114,29.999999999999975,2.4999999999999716,7.500000000000007
HSE University,30.00000000000003,30.00000000000003,29.999999999999982,2.4999999999999805,7.499999999999986
University of Illinois at Chicago,30.000000000000014,29.999999999999915,29.999999999999986,2.4999999999999374,7.500000000000028
University of Kiel,29.999999999999986,30.000000000000057,30.000000000000043,2.499999999999986,7.49999999999994
La Trobe University,30.000000000000057,30.000000000000057,29.999999999999936,2.5000000000000426,7.499999999999986
Université Laval,30.000000000000032,29.999999999999954,29.99999999999996,2.4999999999999716,7.500000000000028
Macau University of Science and Technology,30.000000000000114,29.999999999999943,29.999999999999982,2.5,7.500000000000057
Medical University of Innsbruck,29.999999999999943,30.00000000000005,29.999999999999996,2.5000000000000213,7.499999999999985
National University of Ireland,30.00000000000003,29.999999999999915,29.999999999999996,2.500000000000014,7.500000000000014
University of Navarra,30.00000000000002,29.99999999999997,29.999999999999947,2.5000000000000213,7.499999999999986
University of Oregon,30.000000000000057,30.000000000000057,29.99999999999996,2.499999999999943,7.499999999999915
Oregon Health and Science University,30.00000000000003,29.999999999999943,29.999999999999986,2.4999999999999503,7.5
University of Oulu,30.000000000000057,30.000000000000085,29.999999999999982,2.4999999999999503,7.499999999999972
University of Passau,30.000000000000114,30.0,29.99999999999999,2.4999999999999876,7.499999999999993
University of Potsdam,30.00000000000007,29.999999999999943,30.0,2.500000000000007,7.499999999999986
Queen’s University,30.0,30.0,29.99999999999999,2.5000000000000178,7.500000000000021
Royal Holloway,29.999999999999858,30.000000000000114,30.00000000000003,2.5000000000000355,7.499999999999993
Ruhr University Bochum,29.999999999999943,30.0,30.000000000000018,2.499999999999961,7.500000000000043
University of São Paulo,29.999999999999943,30.000000000000114,30.000000000000004,2.499999999999968,7.499999999999972
Sapienza University of Rome,30.0,30.00000000000003,30.00000000000001,2.4999999999999822,7.499999999999993
Simon Fraser University,30.0000000000001,29.99999999999997,30.00000000000002,2.500000000000014,7.500000000000011
University of South Australia,30.0,30.000000000000085,30.00000000000001,2.499999999999961,7.500000000000014
University of Southern Denmark,30.00000000000017,29.999999999999886,30.00000000000001,2.4999999999999893,7.500000000000043
Stellenbosch University,30.000000000000114,29.999999999999858,29.99999999999997,2.499999999999993,7.500000000000043
University of Stuttgart,30.000000000000057,30.00000000000003,30.0,2.4999999999999716,7.499999999999972
Sun Yat-sen University,30.00000000000017,30.0,29.999999999999993,2.500000000000014,7.499999999999886
University of Surrey,29.99999999999997,30.000000000000057,30.000000000000068,2.4999999999999094,7.499999999999979
Swansea University,29.999999999999986,30.00000000000002,29.99999999999997,2.5000000000000036,7.5000000000000036
Syracuse University,30.00000000000003,30.000000000000114,29.99999999999999,2.4999999999999645,7.500000000000014
Tampere University,30.00000000000003,30.0,29.999999999999986,2.499999999999929,7.50000000000005
Technical University of Darmstadt,30.0,30.000000000000057,29.999999999999986,2.499999999999986,7.500000000000014
Tohoku University,30.000000000000114,29.99999999999997,29.99999999999997,2.499999999999986,7.500000000000014
Tokyo Institute of Technology,30.0,30.0,30.00000000000002,2.5000000000000355,7.499999999999972
Western Sydney University,30.0,30.000000000000057,29.999999999999986,2.5000000000000213,7.499999999999972
Aix-Marseille University,30.0,29.99999999999997,30.0,2.4999999999999716,7.500000000000064
Anglia Ruskin University ARU,30.000000000000114,29.99999999999998,29.99999999999996,2.499999999999929,7.500000000000028
Beijing Normal University,29.999999999999936,30.00000000000003,30.00000000000002,2.500000000000014,7.499999999999986
Boston College,30.00000000000003,30.00000000000003,29.99999999999995,2.4999999999999716,7.500000000000071
University of Canterbury,29.999999999999936,30.000000000000114,29.999999999999993,2.500000000000057,7.499999999999915
Colorado School of Mines,29.999999999999964,30.000000000000057,29.99999999999998,2.5000000000000284,7.499999999999972
Cyprus University of Technology,29.999999999999986,30.000000000000142,30.00000000000001,2.4999999999999716,7.500000000000092
Deakin University,29.999999999999936,30.0,30.00000000000002,2.4999999999999716,7.499999999999986
University of Fribourg,30.0,30.0,29.999999999999993,2.500000000000057,7.4999999999999565
Goethe University Frankfurt,29.99999999999996,29.99999999999997,29.999999999999964,2.5000000000000284,7.499999999999986
Grenoble Alpes University,30.00000000000003,30.0,30.000000000000036,2.5000000000000284,7.500000000000028
Huazhong University of Science and Technology,29.99999999999995,30.000000000000014,29.999999999999957,2.500000000000014,7.500000000000014
Indian Institute of Science,29.99999999999997,30.000000000000014,30.0,2.500000000000014,7.499999999999996
Indian Institute of Technology Ropar,30.000000000000057,29.99999999999994,30.00000000000002,2.500000000000057,7.499999999999986
Jacobs University,30.000000000000007,30.00000000000003,30.000000000000007,2.4999999999999716,7.500000000000022
Johannes Gutenberg University of Mainz,29.999999999999996,30.000000000000043,29.999999999999993,2.5000000000000284,7.49999999999995
University of Klagenfurt,29.999999999999858,30.0000000000001,30.00000000000001,2.500000000000057,7.499999999999977
Kyung Hee University,29.999999999999936,30.00000000000003,30.000000000000018,2.500000000000057,7.499999999999886
University of Liège,30.000000000000032,30.000000000000057,30.000000000000018,2.5000000000000284,7.499999999999943
University of Macau,29.99999999999997,29.99999999999997,29.999999999999986,2.5000000000000284,7.500000000000007
University of Malaya,29.999999999999943,30.0,30.0,2.5,7.500000000000032
University of Marburg,30.00000000000003,29.999999999999957,30.0,2.5000000000000284,7.499999999999957
Maynooth University,29.9999999999999,30.000000000000085,30.00000000000002,2.500000000000142,7.499999999999904
University of Milan,29.99999999999993,29.999999999999943,30.00000000000003,2.5000000000000853,7.499999999999957
Montpellier University,30.00000000000003,30.00000000000002,30.0,2.4999999999999716,7.499999999999975
Nagoya University,30.00000000000012,29.99999999999997,29.999999999999936,2.499999999999943,7.500000000000145
University of Newcastle,29.999999999999986,30.0,30.000000000000007,2.499999999999943,7.500000000000043
University of New Mexico (Main campus),30.0,30.000000000000043,29.999999999999993,2.4999999999999716,7.499999999999979
North Carolina State University,30.000000000000014,29.999999999999915,29.99999999999998,2.5,7.5
Nova Southeastern University,29.99999999999993,30.0,30.000000000000032,2.500000000000057,7.5
Osaka University,29.999999999999964,30.00000000000003,30.000000000000043,2.4999999999999147,7.500000000000014
Politecnico di Milano,29.99999999999994,30.000000000000018,29.999999999999996,2.5,7.499999999999993
Reykjavík University,29.99999999999992,29.999999999999943,30.000000000000014,2.5000000000000284,7.499999999999943
Rush University,29.99999999999993,29.99999999999997,30.00000000000003,2.5000000000000284,7.500000000000007
Southern University of Science and Technology (SUSTech),29.999999999999957,29.999999999999915,29.999999999999986,2.500000000000057,7.500000000000014
Stony Brook University,30.000000000000043,30.00000000000003,29.99999999999997,2.5000000000000284,7.500000000000028
Swedish University of Agricultural Sciences,30.000000000000007,30.00000000000005,29.999999999999986,2.4999999999999787,7.500000000000021
University of Tartu,29.999999999999815,30.00000000000017,30.000000000000032,2.5000000000000284,7.4999999999999645
University of Tasmania,29.99999999999998,30.000000000000142,30.00000000000003,2.499999999999943,7.500000000000044
Temple University,30.000000000000014,30.0,30.00000000000005,2.500000000000057,7.4999999999999645
The University of Tennessee-Knoxville,30.0,30.000000000000114,30.00000000000003,2.499999999999986,7.500000000000043
University of Texas at Dallas,29.999999999999957,30.000000000000043,29.99999999999997,2.499999999999943,7.50000000000006
University of Trento,30.00000000000002,29.99999999999997,30.000000000000014,2.4999999999998863,7.500000000000007
Tulane University,29.999999999999975,30.0,30.000000000000025,2.5000000000000284,7.500000000000028
Umeå University,29.999999999999865,30.00000000000003,30.0,2.5000000000000853,7.5
United Arab Emirates University,30.000000000000043,29.999999999999943,30.000000000000007,2.500000000000057,7.499999999999975
Università della Svizzera Italiana,30.00000000000005,29.999999999999943,29.999999999999993,2.5000000000000853,7.499999999999982
University College Cork,30.00000000000003,30.0,30.000000000000036,2.4999999999999716,7.5
Victoria University,29.999999999999936,30.000000000000085,30.000000000000025,2.499999999999943,7.499999999999984
University of Alaska Fairbanks,29.999999999999872,29.99999999999998,30.000000000000025,2.5000000000000213,7.500000000000016
American University of Beirut,29.999999999999943,30.00000000000005,30.00000000000002,2.4999999999999716,7.500000000000028
Australian Catholic University,29.9999999999998,30.00000000000003,30.000000000000018,2.5000000000000213,7.5
Babol Noshirvani University of Technology,29.999999999999844,30.000000000000064,29.99999999999999,2.5000000000000213,7.500000000000043
University of Bayreuth,29.999999999999936,30.000000000000014,30.000000000000036,2.5000000000000497,7.499999999999986
Birkbeck,30.0,29.99999999999993,30.0,2.499999999999943,7.500000000000021
University of Bremen,29.999999999999943,30.0,30.000000000000025,2.5000000000000284,7.5
Brunel University London,30.0000000000002,29.999999999999932,29.999999999999982,2.5,7.5000000000000036
University of California,30.000000000000014,30.0,30.000000000000053,2.5000000000000613,7.499999999999957
