,0,1,2,3,4,5,6,7,8,9,10,11,12,13,14,15,16,17,18,19,20,21,22,23,24,25,26,27,28,29,30,31,32,33,34,35,36,37,38,39,40,41,42,43,44,45,46,47,48,49,50,51,52,53,54,55,56,57,58,59,60,61,62,63,64,65,66,67,68,69,70,71,72,73,74,75,76,77,78,79,80,81,82,83,84,85
0,0.0,24623692437576.047,64443503311803.375,26264991735373.566,100946866369122.33,14580280591628.568,160932531891180.34,140487294549916.75,226133012002088.9,159495629962888.66,94803821268122.23,159298448946616.5,46586613449378.76,54823796008845.56,51450875295925.375,124144288900259.39,56066705757088.086,357984412073623.8,70490500713314.84,57214297797848.72,45183603934819.51,62536969569961.16,79251657185137.58,73361600467464.69,64993698361126.06,53189795627508.73,71887519600139.64,116557086093405.55,54641699297476.94,126610609494310.19,90662270162540.78,76548012001087.4,83431588951946.98,96490055059268.98,111105650649053.02,99574686891631.69,85686653556628.03,65516280838951.6,58746193884774.35,124129326065040.55,60202588200369.805,72031826013120.81,60350673103965.49,112892536621859.73,78146033146445.88,120466881954699.52,101367000889851.64,64865525426145.03,119676795777979.45,69974602860453.11,68934406031466.555,73540825280881.1,106634482101944.39,78097810729653.19,115974611232399.97,83196687176101.58,111366414290588.31,71879599372250.34,72891940161553.88,111122186592671.22,130946700338352.31,67801755673695.43,89885468266456.3,72351252084358.94,88887675895002.16,71916773242452.05,109959754984708.39,94102517522042.62,61737542142968.61,119833375846840.92,52595709126987.35,79419817696558.81,59957650989441.62,71800076015928.2,83310539898012.05,66636777535545.46,106997068417886.08,131972010853435.75,62024135505227.5,78340990548199.6,65509541690639.984,128746637155106.9,73351116954303.64,86846246283891.98,62836418531423.62,75448830743525.42
1,24623692437576.047,0.0,88822461527913.73,49565208198869.836,77274228812491.84,30972840227383.01,136681067012938.2,116441527348086.66,201944128910279.7,135420505679628.47,70826300079077.38,135111737235447.64,25628917587683.977,34425291787489.66,35778268575123.02,103190422608800.28,40921723333035.96,334135960643475.25,90361434493527.4,73956504028772.83,61113082252797.81,56834590422586.23,101999441708021.28,94888628019155.45,60631755221154.75,59208393033446.13,92643340660646.61,103027860164671.39,64882502913942.234,150802587583994.62,113796843543737.97,98505848359244.88,74948932571058.75,82041495121308.28,95054302026003.17,84959452826370.02,74073610687466.7,84432606284864.31,71000496925526.92,107872047251806.23,60118974393065.484,65376985912960.01,60417929890607.5,136643401132906.27,99561387161343.69,144378503072061.78,124455575809397.25,77853568477484.5,143580754472914.66,78714470443077.44,79128544669491.42,84230115049164.58,98516411206924.44,93148312268878.14,139140816551995.1,102414808932915.19,134329646735892.31,87536350031915.4,90055789912717.92,134809543753091.7,155042679930002.12,85567794451262.64,111918771651075.75,82380287342117.12,110132791517524.27,77324033917581.36,133566999300120.3,116930948428323.83,81198310859566.44,143930525362729.94,62521701493097.164,66989995077547.516,74113045056052.23,92774356965900.67,79940275730531.84,70270538112725.49,92736169559716.34,114263675814236.22,63119446959180.64,99690534542499.4,85022328341397.56,152863435653882.0,68241440312615.07,109199799183408.39,74157591271698.45,95203460007122.83
2,64443503311803.375,88822461527913.73,0.0,42698920601971.45,164523662369432.28,63712606924133.96,224742378151270.22,203970966234665.66,289993641526159.2,223246180019515.72,158799526517826.53,222631251859198.9,108313067378868.89,115441685436726.78,108187610319053.86,182142054246021.44,112111020546911.47,420924938635965.56,45142959508593.5,54574407371258.46,55193481500708.98,105122203895369.92,31266432425171.35,37386190419337.45,105259843546889.28,80572177895205.3,41320918619848.09,163194690707193.7,72104994946910.12,63474940200652.87,36173740689107.56,34699757524101.36,124607109971112.44,144625342826630.72,160304384801581.6,147269112963048.28,130395605067138.52,44128741699073.61,64392228368351.85,171915913139499.1,91605862070748.31,110905169407290.47,91639199242979.25,50316085231143.61,34718604831874.766,57154400150517.266,42751602790779.414,64402795976069.484,56468485173164.75,77634704858695.81,73786901293168.06,75200917281690.1,141748818315356.38,65135520659707.625,56743846137295.01,51359753862513.13,53700338486002.26,61198863619934.3,55952596610816.28,50197141124687.625,67892186887913.63,52368063071933.8,43417665358787.51,80768837130986.05,48156898046048.68,92003366890640.06,50663060500347.18,42599489932793.66,45180013143185.05,57472396658519.88,72011935783232.12,128183087787449.2,63797851622844.83,40097807800777.086,117702483111707.19,92082453944414.69,155853136824979.38,185216817235315.8,94753349248387.97,41304424040109.62,45583886514450.11,66093853166122.69,112045077597043.11,39165719514165.94,72041249278207.42,47311078564577.96
3,26264991735373.566,49565208198869.836,42698920601971.45,0.0,122753003428112.23,22254374989701.27,183605113246318.12,162835585672076.22,249331825676898.2,182466077223631.06,118592401125444.02,184368361236652.25,72292201420738.94,80854035460158.67,76457741014306.8,149087207545563.47,80618435333323.08,383231879922897.75,62054961630184.484,55555015376962.125,46256929594127.36,80896822095735.69,62883783331102.36,60162324042270.04,82334391304290.05,63540696661508.945,59753331688742.79,136993642549221.98,61130123717148.38,105026819880704.81,72272233202213.55,60720036405993.7,100699498356116.92,116350931555040.7,130571686466006.64,117831645359716.1,101876233312614.02,52445146754994.13,56627873704956.84,142654288699250.38,69614821014502.336,84876113254940.4,68754087692305.12,90495240918677.22,59888104017204.0,97904237842064.73,79566349595614.73,59406727232990.81,97610867438986.36,72147189061450.8,70100482950445.21,73666625036711.69,121697181711430.19,72749453221517.4,96052308494291.64,71871318703572.11,92073081156861.98,67011701369083.695,65977012462423.97,90626897533131.42,109192560470551.81,60802216804812.37,73613555941321.36,75215696731673.25,74557400576290.88,79993518579182.33,89899234565927.33,76485782010594.98,53811717533985.69,98181344230990.9,58876222461499.46,99577103724551.78,58846273678054.805,58166315840740.89,98187374724772.73,76494420182260.89,126947411823112.89,153496565758961.0,73220867468973.95,62476446579174.71,54335437398431.36,106632089757691.72,87200275355359.19,68585290930980.44,62235597881314.29,61952478262735.79
4,100946866369122.33,77274228812491.84,164523662369432.28,122753003428112.23,0.0,102375905339543.02,62084667481459.14,42471353770746.305,129161692652664.08,63691113484044.98,24146801857343.973,74553861407960.25,67465736719678.0,67757565758717.38,79775661481440.61,80097351976396.9,79750468376269.56,268132899348893.9,165219971650867.6,146560273488033.72,133746589266407.75,103895508253511.05,178050211051566.22,170168451936853.72,108399755339921.5,122208488694834.23,167157729837237.56,110660717168199.16,132296471207210.25,226863345108455.8,189762007667049.06,173658208047668.3,107566380828142.4,94936611006791.4,94931411904071.75,93618362831356.47,96427523372915.4,156292354181246.03,137899408553032.58,101627056468189.66,112906959939007.67,101951291604576.05,111339853280945.95,211555690306227.94,173060709518640.38,219459558742028.7,198427450282886.34,142733188246479.44,219087457909562.84,142028468687059.3,144689882187242.75,149837504670906.5,126318580487463.81,162840662757556.66,215073619613143.94,176165178729850.0,210235505536797.84,158102507683865.2,162115168618465.0,210892974496570.75,230958317139415.44,158257138578547.0,187289162428760.25,146436723503099.53,184954430503202.03,136036812698624.94,209684543723015.72,192832408255126.2,155797313242188.47,219822033364011.34,129973068390763.11,93748590921664.31,143457390570759.0,167235879361416.44,122660401675515.45,127907577335774.0,100608346500956.16,100048680982952.4,117230956965236.05,173663576059399.94,158157781631526.22,228469323955648.12,109149985729507.27,183958125138193.3,138962664638799.05,167798208566793.7
5,14580280591628.568,30972840227383.01,63712606924133.96,22254374989701.27,102375905339543.02,0.0,162923464336864.22,142402830890702.88,228187007888780.44,161386809526591.94,97726462441613.62,164142998601133.56,54449195646529.76,64019260822435.18,60386063850488.55,130140239343342.52,64580725567302.914,363060161196834.25,73588785873045.42,61487101369854.79,49238018246249.125,68435043814822.04,79432231317287.05,73830028189396.02,69914872397967.4,57006653734140.79,71777903283513.44,120474048545048.0,58389995586826.24,125003455141684.67,89814713322260.95,75802397232648.03,87323018122158.97,100439683232832.14,113768553118203.38,101616246173295.0,86728822848391.8,63977068278005.37,60022950397840.484,127634359693686.16,62899318156506.73,75670519416951.44,63463096358940.04,111050072028500.4,77106719324486.88,118525014529716.42,99973244924569.84,66856587357483.98,118101822694056.7,74998153110453.0,72841814558737.97,76651094375486.05,110320898626347.31,79122746083843.2,114620835217047.03,83725497060936.38,110387472029575.97,73174808448897.42,74334051974309.52,110144994714885.0,129318369842385.98,69317017399869.85,88633135943070.22,73100200056338.83,87886977560696.06,73717384638702.25,108432207362370.27,92943249229495.89,63112931536122.27,117873975913550.36,55814876646144.69,83198218433966.45,60185820757280.98,70530546624953.33,86106278975917.52,68883397928600.91,109168273034005.81,134084189056996.22,62060059284632.58,75612784002156.4,63783682236133.32,126413209021602.25,73227374838837.14,84287036809750.31,60268122263405.55,72573771687902.56
6,160932531891180.34,136681067012938.2,224742378151270.22,183605113246318.12,62084667481459.14,162923464336864.22,0.0,22059962040941.863,68190615085361.19,15322461206915.975,68297392943695.125,41497201326935.0,121310329706085.78,119570866093654.14,129555691523096.1,88969604493878.6,127803233449362.64,210264669646784.1,220916117076419.88,201077009563740.8,188830142107564.22,149491027533371.2,235862691006187.56,226944009698978.2,153778695608689.0,173109042473215.4,223551187376269.12,132801895588766.16,184475833753225.6,286541570942546.3,248034864161006.34,231179937654637.62,146101455081971.03,126470132075975.75,119177630957552.78,124955383888999.19,135965173487197.39,213153850566635.7,192043851984421.53,121657461781364.2,163208846285925.38,148153450628372.25,162115671182153.1,271176224922803.4,231140776982878.34,279200860013697.62,257802973464021.03,197387517816952.25,278827727775946.94,193551772874939.88,196682155355271.2,201939261876180.03,160794845431993.3,216375820982626.56,273840831199239.88,232025248294103.7,268963507460388.3,212274631759898.16,217051424353891.22,270263755218494.72,290841122504425.94,213906086212505.1,245018548617493.25,197364198555109.78,242034511485655.0,185135464735335.75,268925340005244.28,251456050418980.25,212841801358704.2,279749691214529.34,183821373926600.0,135200846285042.36,198059447650962.0,224724442988821.38,165221803318380.03,177348612863718.4,130304265878311.19,114957926998849.2,167604398513322.4,231595035674756.0,215388443031260.5,288457642870175.75,154937696724332.53,242417383304994.62,192276587359669.56,224649286170729.66
7,140487294549916.75,116441527348086.66,203970966234665.66,162835585672076.22,42471353770746.305,142402830890702.88,22059962040941.863,0.0,88741306632468.48,25418351558856.453,49328159006933.37,46490037059112.09,101733747830022.84,101367720726078.56,110978310852040.47,79606572213102.7,109096017706979.67,229567748287358.56,200753141014153.4,181001280421629.47,168609780397276.56,130964768441736.4,215301300161706.28,206625085192031.3,135759922129749.81,153818377513275.44,203360961060159.4,120539041260073.72,165306189190101.03,265832844410246.44,227435456700020.5,210657211276918.9,128829523062482.86,110685317766860.31,105008123159014.56,109149138740616.0,118802185123905.62,192560932262623.7,171759950634413.25,108268783353651.36,143315293429351.75,128083973179160.61,141464453665013.84,250107866507076.7,210177247730191.97,258178755586271.56,236577890456597.5,176361662157675.9,257904808293094.5,173937034617752.47,177286450901516.8,182921231107946.9,146440768185915.9,197062833914547.2,253395492184325.8,212236707406500.8,248520381775856.38,192720690189877.7,197272882198339.3,249533914252254.3,270084633269043.0,194013544228988.4,224998305153836.88,179187024482375.97,222282126896716.1,167651564609201.16,248522271099817.34,231399645536305.03,193276710084843.4,259186627725002.47,164902293986570.4,119262726660575.03,178895814841779.97,204703325952664.1,149385365479678.2,159511383338821.38,118200135467139.84,107717907035284.14,149957997836746.0,211654134722124.62,195629331514701.3,267821901690704.12,137881777018329.31,222187717126284.94,173263354227152.22,204819344425480.94
8,226133012002088.9,201944128910279.7,289993641526159.2,249331825676898.2,129161692652664.08,228187007888780.44,68190615085361.19,88741306632468.48,0.0,66905902145406.875,131453527840790.94,77408703254944.62,184377313400508.62,182087521941461.78,190085735894265.9,131666311993238.22,187078629216253.22,149053736654643.4,282124982487445.9,261659278591811.06,250261962323621.97,205923690182080.2,298673248016028.75,288846758869185.7,209319211277486.78,231594035058527.25,285064536119412.9,174166588079792.62,243490279572368.12,350677606768636.4,311095876230623.2,293773191597014.6,198710326306222.6,177430295580535.8,167071180112584.53,176630280310831.44,191175824774576.88,276345915145210.2,254297493840271.34,168968153968071.25,224417265380319.6,208259321284697.66,224142609439466.97,336116043250165.0,295502957968216.75,344126155443064.44,322952610765559.25,260770390745709.9,343649661284627.7,255040054154257.62,257708089132643.1,262616568479995.06,211457071807586.12,276852319617656.53,337604598062008.2,293813017617014.06,332635991168814.94,272723843406945.53,278030191795780.44,334335719720709.75,355210161478371.44,275188241879919.06,307359788806367.1,254744519591861.38,303623844720207.2,241325396137857.78,332515569682926.56,314335375124383.25,274804132385906.75,344024137228735.75,243921775162853.84,189365085440895.1,258181354856914.88,286901421299207.4,217250251984460.84,234317863688669.6,176789822857916.56,153045015613671.28,225215766578265.3,293992000188428.6,277418583086742.38,352759655887448.5,210568069887776.12,305418382662118.75,251907804121410.6,286494534496367.8
9,159495629962888.66,135420505679628.47,223246180019515.72,182466077223631.06,63691113484044.98,161386809526591.94,15322461206915.975,25418351558856.453,66905902145406.875,0.0,65146004218829.87,37130988828759.53,118841109209493.36,117976679780854.8,126019613028457.55,80803691466718.34,123345221727773.11,208898642832129.06,217072530479050.12,196883686728699.28,184990930241035.72,143567209571596.25,232706885062843.1,223252064370772.03,147404606149926.06,167808414061122.72,219640727328892.97,122828361254234.42,179558106846147.6,284189490194921.6,245018458203534.72,227928673085364.56,139334694650193.16,120312561979312.23,113049192546809.72,119706608759746.55,131605681411320.86,210707043010955.53,189619283992942.06,118803373476891.84,160978056995069.72,146265429776031.94,160479141997349.5,269501631902029.88,229390496309379.56,277483726054006.03,256461817109408.25,196048073665191.4,277061207507143.25,191824357543416.97,194264491685341.03,199436941938011.0,156789688969712.78,212964774298893.75,271484438739329.12,228922399749372.0,266608102393661.1,208536422028556.88,213511361463351.28,268005771975100.53,288706393780629.25,210403980740746.4,241742035304981.84,192094590316901.38,238378945875889.16,179607633962012.53,266319634088860.66,248494834356976.7,209619444814964.6,277539438486142.84,179929982924192.53,129718184453004.44,193886882785497.0,221351802597964.56,158328025494365.9,172215106523026.75,123095740130341.23,107006976925617.25,162681268657067.22,228362208281285.75,212078815100358.4,286244148563235.4,149540357724097.3,239498411333194.34,187921701757672.3,221201175973657.6
10,94803821268122.23,70826300079077.38,158799526517826.53,118592401125444.02,24146801857343.973,97726462441613.62,68297392943695.125,49328159006933.37,131453527840790.94,65146004218829.87,0.0,68782372483254.83,54781135716960.91,55999241787229.38,64191252631259.46,59800966106320.195,62280259180459.51,266321849532226.16,153682651941229.38,134046299005347.53,121930445918812.5,86089401055628.12,168764242136602.75,159720837610989.28,90359863748172.81,107277352960258.03,156482044150625.0,88743046126581.17,118194570842563.69,219874236223767.66,181129274566745.47,164501308071355.47,89518512839487.36,78213444311404.0,80397437316111.36,80428217962715.77,85130179525146.33,148782719100184.16,129456304175496.6,93036267412018.9,104417674446095.9,94255746968003.66,104260349162106.69,205822274769900.6,166729461923391.53,213691843625499.7,193206751659417.0,136529414528564.58,213073172308576.62,133299130781599.05,134998319627619.06,140287740103770.86,113959940169954.45,152413341041361.78,207702437224165.8,166548988257168.7,202800584110862.5,147235280359607.22,151600342275340.84,203820204277207.03,224422500538320.56,147952755095278.25,178234516254644.62,132872546273390.17,175138117481449.66,121703286638053.72,202140631632651.8,184462216851646.97,146037845735710.38,213231121517450.78,118357317404338.95,78461019703671.48,132263954162699.42,158062410764693.34,105601502752103.12,114148045102871.14,84810015244763.81,85878645498252.81,104787906560017.62,165263607050174.75,149228564221693.06,222074319637547.0,96142729128850.92,176111046046682.16,128200020951730.44,158914793745444.38
11,159298448946616.5,135111737235447.64,222631251859198.9,184368361236652.25,74553861407960.25,164142998601133.56,41497201326935.0,46490037059112.09,77408703254944.62,37130988828759.53,68782372483254.83,0.0,114574394484150.3,109857871978252.34,118029407804231.92,61195608491974.55,115573157312997.88,199873069255014.8,211898910920163.7,191677337955348.22,181032538060661.53,136426659129937.45,229993367950052.66,220240725066796.56,140398145067497.55,162938587767346.47,216810333431027.22,111681176595383.64,174059578615945.03,282680780631054.5,242785691135842.03,225586616897192.12,131702227128656.98,111029215771117.86,105301388528465.0,113982725034616.02,127595479879149.64,209005354448551.66,186097357619016.78,109105032632400.9,156979034818757.72,142375964801007.66,157598796049491.44,268669774526478.97,227795567383042.75,276665970718796.16,255501328947230.94,193217680480208.1,275669246646967.25,184304771571815.22,187192676034100.78,192215696599054.4,144715296094460.72,207387544085122.53,268922091526973.0,224137005260468.47,263608613179754.6,203236428929533.9,208287495384298.8,265643104620830.5,287017505628938.1,205529825204144.44,238936488603554.78,186699243952595.97,235095791555694.06,173066089117617.7,264158852392264.72,245755099820584.53,205179706610217.1,276173931506231.22,174156440950395.3,121060126440713.78,189857190369068.4,218806956521073.66,150019749214616.84,165738760860853.34,114126876486979.83,96892878692649.62,158736584895777.22,226798225958074.66,209676983758821.1,285232256456886.44,145704627849804.6,238013792744688.9,185946931751541.03,219540391771253.9
12,46586613449378.76,25628917587683.977,108313067378868.89,72292201420738.94,67465736719678.0,54449195646529.76,121310329706085.78,101733747830022.84,184377313400508.62,118841109209493.36,54781135716960.91,114574394484150.3,0.0,18045751716739.97,17175840227578.559,79282861571014.14,20452386507228.586,312945241890622.44,101423284282760.16,82596144177398.67,70605188004805.14,46315279767950.79,117033737275718.1,108326939130402.84,51828890447295.305,60758283037741.35,105799651406087.14,84016815776861.86,69587261500110.9,168630285694732.62,129790746297484.17,113662035638446.1,62513765461824.25,66223865911960.15,79668469183292.81,72572966308667.05,67324647711406.56,99994211075609.34,82069903976141.4,94618081986647.56,64268414468006.27,63798178226803.82,65220754376777.86,155119348162220.97,116576126351583.47,162905131297174.25,142919312160535.28,90164859471135.73,161930218433917.62,85736773134479.3,86779360319970.95,92711276411329.4,91078965923869.64,103565187508996.02,156199415188102.72,115642681770270.39,151277644084118.2,98140865245038.84,101575610073500.94,152352433549854.2,173238068923142.1,97868031149055.69,127564143536072.05,88385148897518.36,124825154513109.5,80325303237583.67,151041608933498.16,133639827752387.61,95449855258538.66,162378642104308.47,71110122417050.34,57347962141007.01,85138777704405.86,108266092454568.86,74627400562239.1,73008410828241.3,80841306536774.06,99796025027448.6,67580060942283.516,116360436718351.28,100613959792890.22,171471421934779.66,67381446357846.664,126434925082365.81,84650126613838.12,110674560292129.39
13,54823796008845.56,34425291787489.66,115441685436726.78,80854035460158.67,67757565758717.38,64019260822435.18,119570866093654.14,101367720726078.56,182087521941461.78,117976679780854.8,55999241787229.38,109857871978252.34,18045751716739.97,0.0,21397872481688.293,76459790987352.95,28099945900972.945,307309550206293.44,108405846551282.44,90471158068506.55,79577731215217.81,55286160124030.47,124685022958566.39,116384357134884.17,59614987777076.47,70069375334789.02,113901921245922.75,87160315034878.14,76978624382335.36,175302112804197.97,137177620806707.62,121353487433474.84,69491126224808.305,69043162041957.375,81865922268865.58,75798322481879.88,71000384134304.62,107489881138423.45,88955392787729.42,93950571023703.36,70682334465753.75,70519992965203.34,73257256096684.62,162284172049145.28,123931164712396.31,169961350934005.56,150052764256239.88,97582669835175.75,168516127399067.34,89058375391005.33,90420380737077.88,95200058572986.66,88273429777302.69,108200753713512.36,162128498327847.34,120753996914056.53,156820190840605.97,103307832538875.56,106855548345110.39,158465609935941.62,179427247447070.34,103181707859330.81,133704777880548.61,93286721335049.34,130689101497686.86,83435127496064.61,157036135227787.4,139180935598453.38,99797165499121.78,168543778484857.53,74432230403927.55,55375405217291.15,90335168976278.55,114603676906010.62,76134464275161.14,76015604397329.88,77779635491220.52,94740858686187.94,70744685311475.7,122680836781437.64,106346131477904.34,177824696774754.3,70679118583450.23,132929835812877.39,91452345528104.9,117342349185125.75
14,51450875295925.375,35778268575123.02,108187610319053.86,76457741014306.8,79775661481440.61,60386063850488.55,129555691523096.1,110978310852040.47,190085735894265.9,126019613028457.55,64191252631259.46,118029407804231.92,17175840227578.559,21397872481688.293,0.0,74941802734736.97,11240396741286.127,314735307810441.06,94794477040782.14,75488019791495.38,64855242376278.88,34296456239780.797,112859990135558.97,103258919262207.14,39137795861008.72,51420675901667.54,100317880119285.98,73369598251315.64,60007380826243.23,165684234423022.6,125791735235664.42,109183755972634.89,51142555834021.05,57383490849472.45,73289417167173.28,66510157934853.49,61319973028444.8,96309734163935.3,77067336490280.5,90494394029897.77,59874768780501.61,62311202088647.45,63962513954448.94,153198651448660.88,114087383858987.22,160877603453090.94,141448830267851.12,88152670258093.48,159498623570945.8,78698868528605.3,78618809492594.64,84041667425576.39,79427838428636.48,95123283969617.55,151999067246014.03,108671730261894.89,146855978661083.84,89926917702407.0,93906383986279.19,148899563579955.38,170239437838840.28,90779601454796.6,122304881433469.64,77953911059475.38,118778507353921.2,68699820117558.15,147192846770223.56,129016518432255.86,89273724414432.66,159510115885613.4,62309107926422.15,47027768219666.65,77421193951589.52,103138201493599.78,61365268660814.01,61700364413038.336,71781459992769.55,93461765278470.73,58785481200754.64,111842083076710.73,95406733369475.1,168686065580629.7,58493284516036.18,122371973250344.31,77722497198377.95,105498562623968.83
15,124144288900259.39,103190422608800.28,182142054246021.44,149087207545563.47,80097351976396.9,130140239343342.52,88969604493878.6,79606572213102.7,131666311993238.22,80803691466718.34,59800966106320.195,61195608491974.55,79282861571014.14,76459790987352.95,74941802734736.97,0.0,71439735900440.94,246207438447750.53,162770432004499.7,142513746931284.12,133563210566930.53,84112448629873.02,183158015448898.94,172166034889122.22,86910758880501.31,112035061372069.28,168234886205802.62,53305283542757.914,123003739862223.08,237292605825113.84,196021340980966.4,178437398371218.12,76796418142402.12,59539806859862.18,59734911002604.01,69029566097552.484,83407874425926.28,163836374320882.88,140532377296729.31,77248566443716.86,113766641727211.77,104045102995957.62,117896547206015.19,224996771275842.38,183964165565680.4,232747502281610.47,212966855916947.3,151741893609583.78,231390458219246.4,138439998297885.64,139227645073872.69,143920740635382.28,96049568165019.58,157214616429755.1,222202873584159.34,175013023445345.44,216966951283461.22,153333677829122.47,158862979774349.6,220170347208377.44,241878452205253.97,157054404913596.94,191098316112683.66,134439683524698.5,186384555864952.78,120906950834751.1,218040782082732.16,199104597310033.97,158349508158810.03,231335260067531.66,126199114117026.28,73400787981423.5,141208321482376.94,171740132128536.25,96306175718814.05,114697169214769.66,68247171926678.55,63328661966794.61,111060322523098.27,180354832428707.12,163201578183581.38,240305327835384.0,97650897202952.77,191832998737584.3,137464404932489.81,172174299476573.44
16,56066705757088.086,40921723333035.96,112111020546911.47,80618435333323.08,79750468376269.56,64580725567302.914,127803233449362.64,109096017706979.67,187078629216253.22,123345221727773.11,62280259180459.51,115573157312997.88,20452386507228.586,28099945900972.945,11240396741286.127,71439735900440.94,0.0,310996222750728.9,96846068087243.8,76827331427669.03,66737319654304.47,31102677071197.637,115547090363137.97,105610425994343.33,36999010681058.33,51599682334443.97,102715698712645.53,68739331135194.73,61840876982580.625,168995213591635.56,128732220910903.66,112074622113506.33,48383513576448.766,55931896856409.27,72230502545706.98,66545901539840.87,63223021484542.9,100263718255101.8,81217596496975.94,90868631658569.62,63722615866409.805,63437911199892.914,66349082713584.39,156752919247796.0,117990636104957.72,164439364955750.94,145026422031561.38,91361840891453.55,163186128049743.06,83752032732531.2,83801043761632.14,89736252915884.48,83745316569620.9,99657866545551.27,156038481589528.7,113007588040314.33,150897746347735.88,93634877105481.45,97540004341785.61,152436573394676.4,173765587493876.3,94246716304764.42,126005756933738.61,81080546632202.1,122360557330369.02,71868765808267.34,150894269423129.97,132870214361733.33,93647288777024.5,163250657203021.97,66691290088103.336,49059574435227.91,81162298331052.27,106769196098799.86,62489916540474.14,65035836627479.086,72680869397297.44,93623858368030.06,62834676909299.15,115786842655760.62,99585161594050.84,172334260424682.9,61478367365932.72,126246008678457.38,81507785524823.0,109468682656421.81
17,357984412073623.8,334135960643475.25,420924938635965.56,383231879922897.75,268132899348893.9,363060161196834.25,210264669646784.1,229567748287358.56,149053736654643.4,208898642832129.06,266321849532226.16,199873069255014.8,312945241890622.44,307309550206293.44,314735307810441.06,246207438447750.53,310996222750728.9,0.0,406332510259842.44,385950962852005.5,376872522231572.25,328638799659925.75,426351042120010.5,416008823778940.6,331777051304328.56,356633064549655.75,412501743056079.6,287347995024320.6,367982788287477.0,479809446791568.44,439429495452902.0,422150005189183.25,319754501283720.3,297898980807455.8,288077702297254.94,300665426754204.0,317737095112870.75,406391988800609.5,382342643557566.8,285752863425791.5,352008784498631.9,334491406214969.5,352172434721873.0,466624428656230.06,425583444800598.75,474611779627442.7,453276680685811.1,388684676497436.0,473435706610813.06,378165784522284.75,381539702256358.44,386178094524236.06,326763261147185.1,401843172504756.6,466138891762766.8,419761792341186.25,460521925559928.56,397657742255569.94,403038374845102.75,462636721182222.4,484228558366600.06,400553971845860.9,435269482762180.75,378733744694562.56,430659724178425.3,363795626010600.1,461119254840984.0,442228785674350.8,401064112872264.44,473649750682074.6,368786734666160.5,311108247200565.3,384653663461333.0,415231426971383.5,336440150158143.44,357483296341120.9,295220944820623.3,267697936732189.75,351735669869923.1,423613319898794.4,406178853259574.56,482769530922683.9,336917880013831.9,435204092885473.06,380983895720527.2,416125153318144.4
18,70490500713314.84,90361434493527.4,45142959508593.5,62054961630184.484,165219971650867.6,73588785873045.42,220916117076419.88,200753141014153.4,282124982487445.9,217072530479050.12,153682651941229.38,211898910920163.7,101423284282760.16,108405846551282.44,94794477040782.14,162770432004499.7,96846068087243.8,406332510259842.44,0.0,20994972978139.53,32595851735710.266,80425160583865.14,24583306765697.65,16223270572409.543,78948312227474.31,53730536962978.43,16929023246289.791,135178726952665.69,42833299959201.164,77091845862309.61,36648737870897.33,23703863514606.816,97712805523105.69,121755657720322.98,139172663524066.94,127590468243126.11,112490397613312.81,38154973198146.14,50288795810764.01,154065331911470.28,77983825105116.17,98511183287802.1,81858564464172.19,69097060923536.22,43091526293468.99,75523335967205.38,62448586952749.12,59438652604044.945,73427475320594.22,60835848399334.14,53339298569713.47,54730026449910.92,117769062290381.86,40004914512004.02,64001679274517.27,32004289910957.617,59104022788647.26,32824556506789.953,28013621426197.285,60738590449218.336,81733827533940.2,26067600156061.637,37003870511710.8,51176381845012.67,35146305055141.133,63938169398056.66,59440340682143.49,44236672556453.12,29040898060798.156,72970661357214.9,50236491766662.4,107830716190569.47,40754730672242.46,27909252312234.82,89635429402991.25,65897467138729.82,134345497344852.2,165597164796833.84,75540499979277.86,37596790747907.48,34309240587863.164,81380487055147.67,91822003258841.23,41465986405880.9,52672935259937.98,36815752849407.78
19,57214297797848.72,73956504028772.83,54574407371258.46,55555015376962.125,146560273488033.72,61487101369854.79,201077009563740.8,181001280421629.47,261659278591811.06,196883686728699.28,134046299005347.53,191677337955348.22,82596144177398.67,90471158068506.55,75488019791495.38,142513746931284.12,76827331427669.03,385950962852005.5,20994972978139.53,0.0,14334699142088.924,59851243193675.23,42519540911275.63,32059436522072.71,58950670613167.02,33821913171068.01,29634824254256.96,115909488175274.7,25131396156801.652,96809403915354.78,55402236540350.11,39209584843105.664,78115898345184.58,102188724125352.67,119907602255745.8,108691165186394.3,94503017596813.02,40661730813840.195,41514335575717.33,135939349394842.72,62665333591763.016,81728238406008.33,66830324032869.32,86830753306825.58,53604781751928.93,93893671952787.36,77876322447874.72,53645092103890.734,92228299375502.12,53115147405076.0,46242383163361.875,49988648213400.72,103198595143005.48,41749781123922.51,83498464905043.28,44453420948899.51,78427423110527.81,32646169432408.31,31917886858729.363,80105488599590.39,101470681872580.31,28735431294275.92,54403852307616.17,42339996573373.734,51442012922266.125,51664152267481.49,78843743287387.58,62299514186304.78,33184065215821.406,92232084783723.03,37369685710028.84,89503403148797.3,33346373034472.19,38749565573883.74,73725118816976.9,51530660276108.27,116593016129814.9,147413445480499.7,60898661011306.26,49429664164748.77,38816035686964.766,100753682433415.11,75362675752505.44,56857285642027.15,43585910654676.54,44989732604292.67
20,45183603934819.51,61113082252797.81,55193481500708.98,46256929594127.36,133746589266407.75,49238018246249.125,188830142107564.22,168609780397276.56,250261962323621.97,184990930241035.72,121930445918812.5,181032538060661.53,70605188004805.14,79577731215217.81,64855242376278.88,133563210566930.53,66737319654304.47,376872522231572.25,32595851735710.266,14334699142088.924,0.0,51711880056946.37,49990724024608.51,39843581873568.07,51721379301588.28,26490698355492.324,36984191462732.0,109602794811789.33,21110118713582.51,104491752840251.06,63000969372498.37,45946548541014.555,71035336348211.45,93891014531449.23,111147861124287.69,99557495557317.28,85270819846633.17,40596639436686.18,36509700889092.3,127414009194467.08,53554520441722.56,72582037285548.61,57624169419363.71,92713056211794.27,56211341192251.79,100170533088748.23,82654842295661.28,49848019672932.26,98920620328645.28,50325456040056.85,44358423685142.76,49427465588483.97,97835760138273.77,45434688812752.13,91051234927287.36,51194304114651.55,86250604923344.88,37502650601693.79,38316479720620.08,87871523182278.83,109269372425527.62,34944936985177.855,61820480826717.055,42849655742203.336,59318013733173.84,49925451685606.08,86523964915269.7,69738719010348.88,37173307291964.305,99344922765198.31,33823587889513.215,81820388505421.14,33243495049712.74,44136311581993.54,69860686773934.12,47978268855059.48,109418004548506.72,139634088512560.25,54417896824081.98,54028140423612.78,41342803296555.84,108009868600494.16,67844987821805.3,62504489410063.71,39589298468571.67,48447376591966.914
21,62536969569961.16,56834590422586.23,105122203895369.92,80896822095735.69,103895508253511.05,68435043814822.04,149491027533371.2,130964768441736.4,205923690182080.2,143567209571596.25,86089401055628.12,136426659129937.45,46315279767950.79,55286160124030.47,34296456239780.797,84112448629873.02,31102677071197.637,328638799659925.75,80425160583865.14,59851243193675.23,51711880056946.37,0.0,100916226115748.27,89530003541793.0,10564757286360.467,28967815783848.297,85506125169376.02,60031178705405.234,41508727010161.37,155561994457199.53,113706537391531.7,96072083208803.55,26377059133121.445,48718915678088.625,67390358420612.586,59869688038800.2,54043971787692.336,84805366069705.9,65490821150091.34,90335389848331.92,52183730877167.94,58341126341246.234,58581449764412.9,143924029048349.28,104537984257535.36,151470489216365.25,133008015254974.27,79949171192588.69,150218234316721.88,70220520323780.54,67446940655360.805,73236436448146.3,71851294139606.52,79968178583874.33,140983257633409.03,95319787328498.11,135988721588489.66,74254128494109.27,79038854864545.08,138781219938378.3,160338933731578.9,77200846130590.61,110052715871768.36,59645944288961.414,105702003435220.62,52305906833177.23,136867054654250.36,118767964551657.84,80670954356746.36,150358569459095.72,52786416395400.98,46773684925593.96,64112364142341.71,91310909164595.75,45457808124124.16,46395298825869.93,70611313066098.58,97680412131066.77,49459551190552.15,100644347199093.94,84768028479621.97,158971125799646.84,47278281835280.34,111238196039523.42,62291378362084.12,92526607479168.95
22,79251657185137.58,101999441708021.28,31266432425171.35,62883783331102.36,178050211051566.22,79432231317287.05,235862691006187.56,215301300161706.28,298673248016028.75,232706885062843.1,168764242136602.75,229993367950052.66,117033737275718.1,124685022958566.39,112859990135558.97,183158015448898.94,115547090363137.97,426351042120010.5,24583306765697.65,42519540911275.63,49990724024608.51,100916226115748.27,0.0,13125892889270.098,99558079240103.62,73405193274078.34,19074823603747.453,156298667609942.84,62865965384817.766,54721415142964.586,13767133076941.506,11815282727078.72,118122036691811.88,141593885771894.06,158069579206817.7,145620052695231.78,129338300932863.8,38993583539515.64,61391496743509.086,172104075874777.72,92383434599390.9,113520340287759.14,94900492138952.61,46500923540679.336,32113242905509.9,52660848847240.56,42763360359812.12,66340291555173.984,51033890324265.664,74373196124581.39,67495613957506.305,67851587940414.87,136322045912241.31,50480339257128.73,43689112050548.87,32969811677675.7,40193681015027.74,46421213961480.53,40139300899174.38,39762079141673.46,59981575065257.74,38839293812882.34,22823826418207.613,67609975613902.68,26579677402710.215,81995279540278.02,38415527486289.63,27435711873363.008,37538858720235.086,50565779239985.0,67489862003771.0,127091987931516.84,54882485236199.195,25725474562593.004,109511488458181.5,84411253018976.98,153368977238661.97,184521904961697.2,91400699899154.73,28879577969647.215,37159030290432.36,58927475404074.625,108534177428719.58,25284401281618.49,64153612396553.84,33972541756566.152
23,73361600467464.69,94888628019155.45,37386190419337.45,60162324042270.04,170168451936853.72,73830028189396.02,226944009698978.2,206625085192031.3,288846758869185.7,223252064370772.03,159720837610989.28,220240725066796.56,108326939130402.84,116384357134884.17,103258919262207.14,172166034889122.22,105610425994343.33,416008823778940.6,16223270572409.543,32059436522072.71,39843581873568.07,89530003541793.0,13125892889270.098,0.0,87693438143926.23,61643750133192.87,7523539675144.975,143960971523652.25,51007274539083.71,66449224745514.38,25219116789398.758,13636264700958.785,106686592074485.9,130900110125909.84,147584957008091.66,135492202977634.92,119752115156686.22,36816320957918.45,55627292151600.38,163324177465848.88,85157494807043.11,106624281393304.1,88853674516641.8,59074093259206.31,37977842535473.7,65188942846630.92,54654080061667.71,64408272802011.69,63626889218765.32,69661150822454.984,61562432146146.74,62245014249887.47,127057991034472.77,44399676348257.625,54407333687554.96,31401803726295.07,50891672912808.82,39204962147428.516,34172823071890.355,52020011113426.02,72015734532046.3,32814695009595.06,27199707710989.445,56513724124968.71,27101166655040.75,70988793868357.56,49231173329037.77,34904525975435.438,31860670540829.176,62208326147086.54,58339983195702.95,116775685134464.6,45545199915288.66,22570383140367.23,97922459242052.52,73861273940585.55,142428683515123.44,173612618021580.5,81172430591062.81,28789949939385.72,32145975434679.9,70502968223797.45,98103596724491.36,30853571118856.438,54457222391927.336,30192548871528.043
24,64993698361126.06,60631755221154.75,105259843546889.28,82334391304290.05,108399755339921.5,69914872397967.4,153778695608689.0,135759922129749.81,209319211277486.78,147404606149926.06,90359863748172.81,140398145067497.55,51828890447295.305,59614987777076.47,39137795861008.72,86910758880501.31,36999010681058.33,331777051304328.56,78948312227474.31,58950670613167.02,51721379301588.28,10564757286360.467,99558079240103.62,87693438143926.23,0.0,26473950077828.01,83127049885292.38,58240358467754.555,37814589037962.8,153814823597251.62,111994263029090.42,94347978996156.03,27472387043036.477,51132109536304.14,69500387354867.555,61971015473767.68,55032769588530.76,84283436645207.78,66532883507100.95,94412796029578.31,56024242324824.97,65156949136738.055,64581340928494.38,143387362212244.12,104828834200350.61,150693229544049.2,133297578063377.88,83548081013930.83,149240177540327.3,72423359716621.55,67684032255429.086,71979573327836.31,70070580507491.0,76974545236245.28,138896989868364.17,92641098801749.8,133931676557852.28,71216991500647.33,76460210492707.75,137255430012619.69,158620732080918.03,74720183532400.16,106903256364229.6,52606638786454.32,101909504739915.27,44138887015600.84,134465870279830.8,115744515423334.17,77427423619483.56,148329508294236.6,48800433016828.09,43900669947934.11,59390572138087.41,88239369384595.11,36118698218429.49,39486088367183.695,66201025923398.91,94542707808509.06,42526772371200.52,97198719748349.98,81258814885042.45,156908138729792.94,41535251865529.2,108428844613178.67,57272772798551.0,88926591442078.53
